384
42.974976 15.397434 32.046597
-107374176.000000 -107374176.000000 -107374176.000000
1.000000 0.000000
44.507286 14.166348 23.828312
-107374176.000000 -107374176.000000 -107374176.000000
1.000000 0.000000
43.855759 14.166348 32.202312
-107374176.000000 -107374176.000000 -107374176.000000
1.000000 0.000000
44.507286 14.166348 23.828312
-107374176.000000 -107374176.000000 -107374176.000000
1.000000 0.000000
42.974976 15.397434 32.046597
-107374176.000000 -107374176.000000 -107374176.000000
1.000000 0.000000
43.076176 16.136089 23.828312
-107374176.000000 -107374176.000000 -107374176.000000
1.000000 0.000000
42.046822 15.151214 34.309353
-107374176.000000 -107374176.000000 -107374176.000000
1.000000 0.000000
43.855759 14.166348 32.202312
-107374176.000000 -107374176.000000 -107374176.000000
1.000000 0.000000
42.712318 14.166348 34.572269
-107374176.000000 -107374176.000000 -107374176.000000
1.000000 0.000000
43.855759 14.166348 32.202312
-107374176.000000 -107374176.000000 -107374176.000000
1.000000 0.000000
42.046822 15.151214 34.309353
-107374176.000000 -107374176.000000 -107374176.000000
1.000000 0.000000
42.974976 15.397434 32.046597
-107374176.000000 -107374176.000000 -107374176.000000
1.000000 0.000000
41.978294 14.821028 37.609528
-107374176.000000 -107374176.000000 -107374176.000000
1.000000 0.000000
42.712318 14.166348 34.572269
-107374176.000000 -107374176.000000 -107374176.000000
1.000000 0.000000
42.394554 14.166346 37.379368
-107374176.000000 -107374176.000000 -107374176.000000
1.000000 0.000000
42.712318 14.166348 34.572269
-107374176.000000 -107374176.000000 -107374176.000000
1.000000 0.000000
41.978294 14.821028 37.609528
-107374176.000000 -107374176.000000 -107374176.000000
1.000000 0.000000
42.046822 15.151214 34.309353
-107374176.000000 -107374176.000000 -107374176.000000
1.000000 0.000000
44.255608 14.223137 41.825329
-107374176.000000 -107374176.000000 -107374176.000000
1.000000 0.000000
41.978294 14.821028 37.609528
-107374176.000000 -107374176.000000 -107374176.000000
1.000000 0.000000
44.291718 14.166346 41.805363
-107374176.000000 -107374176.000000 -107374176.000000
1.000000 0.000000
44.291718 14.166346 41.805363
-107374176.000000 -107374176.000000 -107374176.000000
1.000000 0.000000
41.978294 14.821028 37.609528
-107374176.000000 -107374176.000000 -107374176.000000
1.000000 0.000000
42.394554 14.166346 37.379368
-107374176.000000 -107374176.000000 -107374176.000000
1.000000 0.000000
40.667053 17.805729 34.593315
-107374176.000000 -107374176.000000 -107374176.000000
1.000000 0.000000
39.829227 14.464059 25.060516
-107374176.000000 -107374176.000000 -107374176.000000
1.000000 0.000000
39.588177 16.377094 34.949581
-107374176.000000 -107374176.000000 -107374176.000000
1.000000 0.000000
39.829227 14.464059 25.060516
-107374176.000000 -107374176.000000 -107374176.000000
1.000000 0.000000
40.667053 17.805729 34.593315
-107374176.000000 -107374176.000000 -107374176.000000
1.000000 0.000000
41.547348 16.809582 24.784321
-107374176.000000 -107374176.000000 -107374176.000000
1.000000 0.000000
39.588177 16.377094 34.949581
-107374176.000000 -107374176.000000 -107374176.000000
1.000000 0.000000
39.165134 18.005325 37.620331
-107374176.000000 -107374176.000000 -107374176.000000
1.000000 0.000000
40.667053 17.805729 34.593315
-107374176.000000 -107374176.000000 -107374176.000000
1.000000 0.000000
40.042713 19.084476 37.175686
-107374176.000000 -107374176.000000 -107374176.000000
1.000000 0.000000
40.667053 17.805729 34.593315
-107374176.000000 -107374176.000000 -107374176.000000
1.000000 0.000000
39.165134 18.005325 37.620331
-107374176.000000 -107374176.000000 -107374176.000000
1.000000 0.000000
39.640598 19.503771 41.112362
-107374176.000000 -107374176.000000 -107374176.000000
1.000000 0.000000
40.042713 19.084476 37.175686
-107374176.000000 -107374176.000000 -107374176.000000
1.000000 0.000000
39.047569 18.759209 40.922031
-107374176.000000 -107374176.000000 -107374176.000000
1.000000 0.000000
40.042713 19.084476 37.175686
-107374176.000000 -107374176.000000 -107374176.000000
1.000000 0.000000
39.165134 18.005325 37.620331
-107374176.000000 -107374176.000000 -107374176.000000
1.000000 0.000000
39.047569 18.759209 40.922031
-107374176.000000 -107374176.000000 -107374176.000000
1.000000 0.000000
39.800915 17.294767 46.464451
-107374176.000000 -107374176.000000 -107374176.000000
1.000000 0.000000
39.047569 18.759209 40.922031
-107374176.000000 -107374176.000000 -107374176.000000
1.000000 0.000000
39.749470 17.230173 46.447918
-107374176.000000 -107374176.000000 -107374176.000000
1.000000 0.000000
39.047569 18.759209 40.922031
-107374176.000000 -107374176.000000 -107374176.000000
1.000000 0.000000
39.800915 17.294767 46.464451
-107374176.000000 -107374176.000000 -107374176.000000
1.000000 0.000000
39.640598 19.503771 41.112362
-107374176.000000 -107374176.000000 -107374176.000000
1.000000 0.000000
35.038498 16.458239 24.194054
-107374176.000000 -107374176.000000 -107374176.000000
1.000000 0.000000
39.473515 10.882411 37.661388
-107374176.000000 -107374176.000000 -107374176.000000
1.000000 0.000000
37.680531 13.139319 23.064575
-107374176.000000 -107374176.000000 -107374176.000000
1.000000 0.000000
39.473515 10.882411 37.661388
-107374176.000000 -107374176.000000 -107374176.000000
1.000000 0.000000
35.038498 16.458239 24.194054
-107374176.000000 -107374176.000000 -107374176.000000
1.000000 0.000000
37.877804 12.890532 38.635517
-107374176.000000 -107374176.000000 -107374176.000000
1.000000 0.000000
37.877804 12.890532 38.635517
-107374176.000000 -107374176.000000 -107374176.000000
1.000000 0.000000
41.578335 10.414234 41.533367
-107374176.000000 -107374176.000000 -107374176.000000
1.000000 0.000000
39.473515 10.882411 37.661388
-107374176.000000 -107374176.000000 -107374176.000000
1.000000 0.000000
41.578335 10.414234 41.533367
-107374176.000000 -107374176.000000 -107374176.000000
1.000000 0.000000
37.877804 12.890532 38.635517
-107374176.000000 -107374176.000000 -107374176.000000
1.000000 0.000000
40.399490 11.964251 42.546116
-107374176.000000 -107374176.000000 -107374176.000000
1.000000 0.000000
42.346966 9.569047 47.404556
-107374176.000000 -107374176.000000 -107374176.000000
1.000000 0.000000
40.399490 11.964251 42.546116
-107374176.000000 -107374176.000000 -107374176.000000
1.000000 0.000000
41.529285 10.776941 47.368809
-107374176.000000 -107374176.000000 -107374176.000000
1.000000 0.000000
40.399490 11.964251 42.546116
-107374176.000000 -107374176.000000 -107374176.000000
1.000000 0.000000
42.346966 9.569047 47.404556
-107374176.000000 -107374176.000000 -107374176.000000
1.000000 0.000000
41.578335 10.414234 41.533367
-107374176.000000 -107374176.000000 -107374176.000000
1.000000 0.000000
41.529285 10.776941 47.368809
-107374176.000000 -107374176.000000 -107374176.000000
1.000000 0.000000
39.014297 8.696286 55.414299
-107374176.000000 -107374176.000000 -107374176.000000
1.000000 0.000000
42.346966 9.569047 47.404556
-107374176.000000 -107374176.000000 -107374176.000000
1.000000 0.000000
39.085236 8.591499 55.417423
-107374176.000000 -107374176.000000 -107374176.000000
1.000000 0.000000
42.346966 9.569047 47.404556
-107374176.000000 -107374176.000000 -107374176.000000
1.000000 0.000000
39.014297 8.696286 55.414299
-107374176.000000 -107374176.000000 -107374176.000000
1.000000 0.000000
39.051270 12.693371 34.593338
-107374176.000000 -107374176.000000 -107374176.000000
1.000000 0.000000
41.114548 15.452283 25.060539
-107374176.000000 -107374176.000000 -107374176.000000
1.000000 0.000000
40.598148 13.594562 34.949604
-107374176.000000 -107374176.000000 -107374176.000000
1.000000 0.000000
41.114548 15.452283 25.060539
-107374176.000000 -107374176.000000 -107374176.000000
1.000000 0.000000
39.051270 12.693371 34.593338
-107374176.000000 -107374176.000000 -107374176.000000
1.000000 0.000000
38.623940 13.952185 24.784336
-107374176.000000 -107374176.000000 -107374176.000000
1.000000 0.000000
39.133366 11.272717 37.175701
-107374176.000000 -107374176.000000 -107374176.000000
1.000000 0.000000
40.598148 13.594562 34.949604
-107374176.000000 -107374176.000000 -107374176.000000
1.000000 0.000000
40.359604 11.929265 37.620354
-107374176.000000 -107374176.000000 -107374176.000000
1.000000 0.000000
40.598148 13.594562 34.949604
-107374176.000000 -107374176.000000 -107374176.000000
1.000000 0.000000
39.133366 11.272717 37.175701
-107374176.000000 -107374176.000000 -107374176.000000
1.000000 0.000000
39.051270 12.693371 34.593338
-107374176.000000 -107374176.000000 -107374176.000000
1.000000 0.000000
39.342373 10.730663 41.112385
-107374176.000000 -107374176.000000 -107374176.000000
1.000000 0.000000
40.359604 11.929265 37.620354
-107374176.000000 -107374176.000000 -107374176.000000
1.000000 0.000000
40.176926 11.188459 40.922070
-107374176.000000 -107374176.000000 -107374176.000000
1.000000 0.000000
40.359604 11.929265 37.620354
-107374176.000000 -107374176.000000 -107374176.000000
1.000000 0.000000
39.342373 10.730663 41.112385
-107374176.000000 -107374176.000000 -107374176.000000
1.000000 0.000000
39.133366 11.272717 37.175701
-107374176.000000 -107374176.000000 -107374176.000000
1.000000 0.000000
40.047539 12.830219 46.464443
-107374176.000000 -107374176.000000 -107374176.000000
1.000000 0.000000
39.342373 10.730663 41.112385
-107374176.000000 -107374176.000000 -107374176.000000
1.000000 0.000000
40.119934 12.869938 46.447941
-107374176.000000 -107374176.000000 -107374176.000000
1.000000 0.000000
40.119934 12.869938 46.447941
-107374176.000000 -107374176.000000 -107374176.000000
1.000000 0.000000
39.342373 10.730663 41.112385
-107374176.000000 -107374176.000000 -107374176.000000
1.000000 0.000000
40.176926 11.188459 40.922070
-107374176.000000 -107374176.000000 -107374176.000000
1.000000 0.000000
40.503498 13.489052 39.614361
-107374176.000000 -107374176.000000 -107374176.000000
1.000000 0.000000
37.021957 14.151571 24.796570
-107374176.000000 -107374176.000000 -107374176.000000
1.000000 0.000000
38.059124 14.703163 39.895111
-107374176.000000 -107374176.000000 -107374176.000000
1.000000 0.000000
37.021957 14.151571 24.796570
-107374176.000000 -107374176.000000 -107374176.000000
1.000000 0.000000
40.503498 13.489052 39.614361
-107374176.000000 -107374176.000000 -107374176.000000
1.000000 0.000000
40.967739 12.227502 24.796570
-107374176.000000 -107374176.000000 -107374176.000000
1.000000 0.000000
41.772575 14.666786 43.694126
-107374176.000000 -107374176.000000 -107374176.000000
1.000000 0.000000
40.503498 13.489052 39.614361
-107374176.000000 -107374176.000000 -107374176.000000
1.000000 0.000000
39.879368 15.671200 44.168167
-107374176.000000 -107374176.000000 -107374176.000000
1.000000 0.000000
40.503498 13.489052 39.614361
-107374176.000000 -107374176.000000 -107374176.000000
1.000000 0.000000
38.059124 14.703163 39.895111
-107374176.000000 -107374176.000000 -107374176.000000
1.000000 0.000000
39.879368 15.671200 44.168167
-107374176.000000 -107374176.000000 -107374176.000000
1.000000 0.000000
41.602127 15.250429 49.644436
-107374176.000000 -107374176.000000 -107374176.000000
1.000000 0.000000
41.772575 14.666786 43.694126
-107374176.000000 -107374176.000000 -107374176.000000
1.000000 0.000000
40.385220 15.940226 49.229465
-107374176.000000 -107374176.000000 -107374176.000000
1.000000 0.000000
41.772575 14.666786 43.694126
-107374176.000000 -107374176.000000 -107374176.000000
1.000000 0.000000
39.879368 15.671200 44.168167
-107374176.000000 -107374176.000000 -107374176.000000
1.000000 0.000000
40.385220 15.940226 49.229465
-107374176.000000 -107374176.000000 -107374176.000000
1.000000 0.000000
37.470684 14.274239 57.245655
-107374176.000000 -107374176.000000 -107374176.000000
1.000000 0.000000
40.385220 15.940226 49.229465
-107374176.000000 -107374176.000000 -107374176.000000
1.000000 0.000000
37.365116 14.334077 57.209644
-107374176.000000 -107374176.000000 -107374176.000000
1.000000 0.000000
40.385220 15.940226 49.229465
-107374176.000000 -107374176.000000 -107374176.000000
1.000000 0.000000
37.470684 14.274239 57.245655
-107374176.000000 -107374176.000000 -107374176.000000
1.000000 0.000000
41.602127 15.250429 49.644436
-107374176.000000 -107374176.000000 -107374176.000000
1.000000 0.000000
38.123619 11.093887 34.593353
-107374176.000000 -107374176.000000 -107374176.000000
1.000000 0.000000
39.448311 7.913651 25.060555
-107374176.000000 -107374176.000000 -107374176.000000
1.000000 0.000000
38.112038 9.303679 34.949619
-107374176.000000 -107374176.000000 -107374176.000000
1.000000 0.000000
39.448311 7.913651 25.060555
-107374176.000000 -107374176.000000 -107374176.000000
1.000000 0.000000
38.123619 11.093887 34.593353
-107374176.000000 -107374176.000000 -107374176.000000
1.000000 0.000000
39.424683 10.821032 24.784359
-107374176.000000 -107374176.000000 -107374176.000000
1.000000 0.000000
36.858948 11.746283 37.175762
-107374176.000000 -107374176.000000 -107374176.000000
1.000000 0.000000
38.123619 11.093887 34.593353
-107374176.000000 -107374176.000000 -107374176.000000
1.000000 0.000000
36.799984 10.356594 37.620369
-107374176.000000 -107374176.000000 -107374176.000000
1.000000 0.000000
38.123619 11.093887 34.593353
-107374176.000000 -107374176.000000 -107374176.000000
1.000000 0.000000
38.112038 9.303679 34.949619
-107374176.000000 -107374176.000000 -107374176.000000
1.000000 0.000000
36.799984 10.356594 37.620369
-107374176.000000 -107374176.000000 -107374176.000000
1.000000 0.000000
36.285976 11.842268 41.112400
-107374176.000000 -107374176.000000 -107374176.000000
1.000000 0.000000
36.858948 11.746283 37.175762
-107374176.000000 -107374176.000000 -107374176.000000
1.000000 0.000000
36.255287 10.890886 40.922085
-107374176.000000 -107374176.000000 -107374176.000000
1.000000 0.000000
36.858948 11.746283 37.175762
-107374176.000000 -107374176.000000 -107374176.000000
1.000000 0.000000
36.799984 10.356594 37.620369
-107374176.000000 -107374176.000000 -107374176.000000
1.000000 0.000000
36.255287 10.890886 40.922085
-107374176.000000 -107374176.000000 -107374176.000000
1.000000 0.000000
37.734348 10.166657 46.464489
-107374176.000000 -107374176.000000 -107374176.000000
1.000000 0.000000
36.255287 10.890886 40.922085
-107374176.000000 -107374176.000000 -107374176.000000
1.000000 0.000000
37.731686 10.084125 46.447964
-107374176.000000 -107374176.000000 -107374176.000000
1.000000 0.000000
36.255287 10.890886 40.922085
-107374176.000000 -107374176.000000 -107374176.000000
1.000000 0.000000
37.734348 10.166657 46.464489
-107374176.000000 -107374176.000000 -107374176.000000
1.000000 0.000000
36.285976 11.842268 41.112400
-107374176.000000 -107374176.000000 -107374176.000000
1.000000 0.000000
39.431595 17.492455 37.661350
-107374176.000000 -107374176.000000 -107374176.000000
1.000000 0.000000
42.603088 20.786154 24.194031
-107374176.000000 -107374176.000000 -107374176.000000
1.000000 0.000000
40.856209 19.625376 38.635475
-107374176.000000 -107374176.000000 -107374176.000000
1.000000 0.000000
42.603088 20.786154 24.194031
-107374176.000000 -107374176.000000 -107374176.000000
1.000000 0.000000
39.431595 17.492455 37.661350
-107374176.000000 -107374176.000000 -107374176.000000
1.000000 0.000000
38.574192 19.251087 24.143875
-107374176.000000 -107374176.000000 -107374176.000000
1.000000 0.000000
40.856209 19.625376 38.635475
-107374176.000000 -107374176.000000 -107374176.000000
1.000000 0.000000
40.744614 16.941261 42.546085
-107374176.000000 -107374176.000000 -107374176.000000
1.000000 0.000000
39.431595 17.492455 37.661350
-107374176.000000 -107374176.000000 -107374176.000000
1.000000 0.000000
39.628841 15.345235 41.533337
-107374176.000000 -107374176.000000 -107374176.000000
1.000000 0.000000
39.431595 17.492455 37.661350
-107374176.000000 -107374176.000000 -107374176.000000
1.000000 0.000000
40.744614 16.941261 42.546085
-107374176.000000 -107374176.000000 -107374176.000000
1.000000 0.000000
39.058887 14.355144 47.404518
-107374176.000000 -107374176.000000 -107374176.000000
1.000000 0.000000
40.744614 16.941261 42.546085
-107374176.000000 -107374176.000000 -107374176.000000
1.000000 0.000000
39.959225 15.502748 47.368778
-107374176.000000 -107374176.000000 -107374176.000000
1.000000 0.000000
40.744614 16.941261 42.546085
-107374176.000000 -107374176.000000 -107374176.000000
1.000000 0.000000
39.058887 14.355144 47.404518
-107374176.000000 -107374176.000000 -107374176.000000
1.000000 0.000000
39.628841 15.345235 41.533337
-107374176.000000 -107374176.000000 -107374176.000000
1.000000 0.000000
37.131596 17.162281 55.417393
-107374176.000000 -107374176.000000 -107374176.000000
1.000000 0.000000
39.959225 15.502748 47.368778
-107374176.000000 -107374176.000000 -107374176.000000
1.000000 0.000000
37.209698 17.261835 55.414253
-107374176.000000 -107374176.000000 -107374176.000000
1.000000 0.000000
39.959225 15.502748 47.368778
-107374176.000000 -107374176.000000 -107374176.000000
1.000000 0.000000
37.131596 17.162281 55.417393
-107374176.000000 -107374176.000000 -107374176.000000
1.000000 0.000000
39.058887 14.355144 47.404518
-107374176.000000 -107374176.000000 -107374176.000000
1.000000 0.000000
45.813538 13.118216 30.400723
-107374176.000000 -107374176.000000 -107374176.000000
1.000000 0.000000
45.486572 11.002888 24.477978
-107374176.000000 -107374176.000000 -107374176.000000
1.000000 0.000000
45.227894 12.172590 30.622082
-107374176.000000 -107374176.000000 -107374176.000000
1.000000 0.000000
45.486572 11.002888 24.477978
-107374176.000000 -107374176.000000 -107374176.000000
1.000000 0.000000
45.813538 13.118216 30.400723
-107374176.000000 -107374176.000000 -107374176.000000
1.000000 0.000000
46.415176 12.552355 24.306366
-107374176.000000 -107374176.000000 -107374176.000000
1.000000 0.000000
45.227894 12.172590 30.622082
-107374176.000000 -107374176.000000 -107374176.000000
1.000000 0.000000
44.872932 13.155688 32.281414
-107374176.000000 -107374176.000000 -107374176.000000
1.000000 0.000000
45.813538 13.118216 30.400723
-107374176.000000 -107374176.000000 -107374176.000000
1.000000 0.000000
45.354050 13.873569 32.005169
-107374176.000000 -107374176.000000 -107374176.000000
1.000000 0.000000
45.813538 13.118216 30.400723
-107374176.000000 -107374176.000000 -107374176.000000
1.000000 0.000000
44.872932 13.155688 32.281414
-107374176.000000 -107374176.000000 -107374176.000000
1.000000 0.000000
45.081268 14.109940 34.451004
-107374176.000000 -107374176.000000 -107374176.000000
1.000000 0.000000
45.354050 13.873569 32.005169
-107374176.000000 -107374176.000000 -107374176.000000
1.000000 0.000000
44.757019 13.615349 34.332771
-107374176.000000 -107374176.000000 -107374176.000000
1.000000 0.000000
45.354050 13.873569 32.005169
-107374176.000000 -107374176.000000 -107374176.000000
1.000000 0.000000
44.872932 13.155688 32.281414
-107374176.000000 -107374176.000000 -107374176.000000
1.000000 0.000000
44.757019 13.615349 34.332771
-107374176.000000 -107374176.000000 -107374176.000000
1.000000 0.000000
45.306950 12.752506 37.776272
-107374176.000000 -107374176.000000 -107374176.000000
1.000000 0.000000
44.757019 13.615349 34.332771
-107374176.000000 -107374176.000000 -107374176.000000
1.000000 0.000000
45.278824 12.709598 37.765999
-107374176.000000 -107374176.000000 -107374176.000000
1.000000 0.000000
44.757019 13.615349 34.332771
-107374176.000000 -107374176.000000 -107374176.000000
1.000000 0.000000
45.306950 12.752506 37.776272
-107374176.000000 -107374176.000000 -107374176.000000
1.000000 0.000000
45.081268 14.109940 34.451004
-107374176.000000 -107374176.000000 -107374176.000000
1.000000 0.000000
55.002144 13.678812 34.862282
-107374176.000000 -107374176.000000 -107374176.000000
1.000000 0.000000
56.150673 10.998041 22.668402
-107374176.000000 -107374176.000000 -107374176.000000
1.000000 0.000000
55.297356 11.452314 35.093323
-107374176.000000 -107374176.000000 -107374176.000000
1.000000 0.000000
56.150673 10.998041 22.668402
-107374176.000000 -107374176.000000 -107374176.000000
1.000000 0.000000
55.002144 13.678812 34.862282
-107374176.000000 -107374176.000000 -107374176.000000
1.000000 0.000000
55.649704 14.575684 22.668402
-107374176.000000 -107374176.000000 -107374176.000000
1.000000 0.000000
53.614845 14.003483 38.219643
-107374176.000000 -107374176.000000 -107374176.000000
1.000000 0.000000
55.297356 11.452314 35.093323
-107374176.000000 -107374176.000000 -107374176.000000
1.000000 0.000000
53.799767 12.249569 38.609749
-107374176.000000 -107374176.000000 -107374176.000000
1.000000 0.000000
55.297356 11.452314 35.093323
-107374176.000000 -107374176.000000 -107374176.000000
1.000000 0.000000
53.614845 14.003483 38.219643
-107374176.000000 -107374176.000000 -107374176.000000
1.000000 0.000000
55.002144 13.678812 34.862282
-107374176.000000 -107374176.000000 -107374176.000000
1.000000 0.000000
53.294868 13.618811 43.116280
-107374176.000000 -107374176.000000 -107374176.000000
1.000000 0.000000
53.614845 14.003483 38.219643
-107374176.000000 -107374176.000000 -107374176.000000
1.000000 0.000000
53.383583 12.471127 42.774780
-107374176.000000 -107374176.000000 -107374176.000000
1.000000 0.000000
53.383583 12.471127 42.774780
-107374176.000000 -107374176.000000 -107374176.000000
1.000000 0.000000
53.614845 14.003483 38.219643
-107374176.000000 -107374176.000000 -107374176.000000
1.000000 0.000000
53.799767 12.249569 38.609749
-107374176.000000 -107374176.000000 -107374176.000000
1.000000 0.000000
55.860641 11.247902 49.371475
-107374176.000000 -107374176.000000 -107374176.000000
1.000000 0.000000
53.294868 13.618811 43.116280
-107374176.000000 -107374176.000000 -107374176.000000
1.000000 0.000000
55.868340 11.148344 49.341850
-107374176.000000 -107374176.000000 -107374176.000000
1.000000 0.000000
55.868340 11.148344 49.341850
-107374176.000000 -107374176.000000 -107374176.000000
1.000000 0.000000
53.294868 13.618811 43.116280
-107374176.000000 -107374176.000000 -107374176.000000
1.000000 0.000000
53.383583 12.471127 42.774780
-107374176.000000 -107374176.000000 -107374176.000000
1.000000 0.000000
53.658577 18.442186 38.640976
-107374176.000000 -107374176.000000 -107374176.000000
1.000000 0.000000
50.231304 14.649704 24.496683
-107374176.000000 -107374176.000000 -107374176.000000
1.000000 0.000000
51.249443 17.323313 39.169586
-107374176.000000 -107374176.000000 -107374176.000000
1.000000 0.000000
50.231304 14.649704 24.496683
-107374176.000000 -107374176.000000 -107374176.000000
1.000000 0.000000
53.658577 18.442186 38.640976
-107374176.000000 -107374176.000000 -107374176.000000
1.000000 0.000000
54.116959 16.523733 24.086878
-107374176.000000 -107374176.000000 -107374176.000000
1.000000 0.000000
53.732460 20.552305 42.472565
-107374176.000000 -107374176.000000 -107374176.000000
1.000000 0.000000
51.249443 17.323313 39.169586
-107374176.000000 -107374176.000000 -107374176.000000
1.000000 0.000000
51.830650 19.750805 43.132309
-107374176.000000 -107374176.000000 -107374176.000000
1.000000 0.000000
51.249443 17.323313 39.169586
-107374176.000000 -107374176.000000 -107374176.000000
1.000000 0.000000
53.732460 20.552305 42.472565
-107374176.000000 -107374176.000000 -107374176.000000
1.000000 0.000000
53.658577 18.442186 38.640976
-107374176.000000 -107374176.000000 -107374176.000000
1.000000 0.000000
53.498154 21.381834 48.313606
-107374176.000000 -107374176.000000 -107374176.000000
1.000000 0.000000
51.830650 19.750805 43.132309
-107374176.000000 -107374176.000000 -107374176.000000
1.000000 0.000000
52.202309 20.820152 48.031204
-107374176.000000 -107374176.000000 -107374176.000000
1.000000 0.000000
51.830650 19.750805 43.132309
-107374176.000000 -107374176.000000 -107374176.000000
1.000000 0.000000
53.498154 21.381834 48.313606
-107374176.000000 -107374176.000000 -107374176.000000
1.000000 0.000000
53.732460 20.552305 42.472565
-107374176.000000 -107374176.000000 -107374176.000000
1.000000 0.000000
52.167915 18.376879 56.254768
-107374176.000000 -107374176.000000 -107374176.000000
1.000000 0.000000
53.498154 21.381834 48.313606
-107374176.000000 -107374176.000000 -107374176.000000
1.000000 0.000000
52.055496 18.328150 56.230240
-107374176.000000 -107374176.000000 -107374176.000000
1.000000 0.000000
52.055496 18.328150 56.230240
-107374176.000000 -107374176.000000 -107374176.000000
1.000000 0.000000
53.498154 21.381834 48.313606
-107374176.000000 -107374176.000000 -107374176.000000
1.000000 0.000000
52.202309 20.820152 48.031204
-107374176.000000 -107374176.000000 -107374176.000000
1.000000 0.000000
45.347214 20.601822 23.211069
-107374176.000000 -107374176.000000 -107374176.000000
1.000000 0.000000
47.268143 10.206766 43.193230
-107374176.000000 -107374176.000000 -107374176.000000
1.000000 0.000000
46.493446 14.412828 21.535208
-107374176.000000 -107374176.000000 -107374176.000000
1.000000 0.000000
47.268143 10.206766 43.193230
-107374176.000000 -107374176.000000 -107374176.000000
1.000000 0.000000
45.347214 20.601822 23.211069
-107374176.000000 -107374176.000000 -107374176.000000
1.000000 0.000000
46.578354 13.949438 44.638588
-107374176.000000 -107374176.000000 -107374176.000000
1.000000 0.000000
49.698433 8.126014 48.938278
-107374176.000000 -107374176.000000 -107374176.000000
1.000000 0.000000
46.578354 13.949438 44.638588
-107374176.000000 -107374176.000000 -107374176.000000
1.000000 0.000000
49.235214 10.978043 50.440941
-107374176.000000 -107374176.000000 -107374176.000000
1.000000 0.000000
46.578354 13.949438 44.638588
-107374176.000000 -107374176.000000 -107374176.000000
1.000000 0.000000
49.698433 8.126014 48.938278
-107374176.000000 -107374176.000000 -107374176.000000
1.000000 0.000000
47.268143 10.206766 43.193230
-107374176.000000 -107374176.000000 -107374176.000000
1.000000 0.000000
50.115822 6.483131 57.649651
-107374176.000000 -107374176.000000 -107374176.000000
1.000000 0.000000
49.698433 8.126014 48.938278
-107374176.000000 -107374176.000000 -107374176.000000
1.000000 0.000000
49.887085 8.635258 57.596611
-107374176.000000 -107374176.000000 -107374176.000000
1.000000 0.000000
49.698433 8.126014 48.938278
-107374176.000000 -107374176.000000 -107374176.000000
1.000000 0.000000
49.235214 10.978043 50.440941
-107374176.000000 -107374176.000000 -107374176.000000
1.000000 0.000000
49.887085 8.635258 57.596611
-107374176.000000 -107374176.000000 -107374176.000000
1.000000 0.000000
45.162281 7.477036 69.538742
-107374176.000000 -107374176.000000 -107374176.000000
1.000000 0.000000
50.115822 6.483131 57.649651
-107374176.000000 -107374176.000000 -107374176.000000
1.000000 0.000000
45.142433 7.663739 69.534111
-107374176.000000 -107374176.000000 -107374176.000000
1.000000 0.000000
50.115822 6.483131 57.649651
-107374176.000000 -107374176.000000 -107374176.000000
1.000000 0.000000
49.887085 8.635258 57.596611
-107374176.000000 -107374176.000000 -107374176.000000
1.000000 0.000000
45.142433 7.663739 69.534111
-107374176.000000 -107374176.000000 -107374176.000000
1.000000 0.000000
47.977795 12.873022 38.641006
-107374176.000000 -107374176.000000 -107374176.000000
1.000000 0.000000
52.603745 15.047819 24.496717
-107374176.000000 -107374176.000000 -107374176.000000
1.000000 0.000000
50.632122 12.974781 39.169617
-107374176.000000 -107374176.000000 -107374176.000000
1.000000 0.000000
52.603745 15.047819 24.496717
-107374176.000000 -107374176.000000 -107374176.000000
1.000000 0.000000
47.977795 12.873022 38.641006
-107374176.000000 -107374176.000000 -107374176.000000
1.000000 0.000000
48.295815 14.819670 24.086901
-107374176.000000 -107374176.000000 -107374176.000000
1.000000 0.000000
47.094780 10.955122 42.472588
-107374176.000000 -107374176.000000 -107374176.000000
1.000000 0.000000
47.977795 12.873022 38.641006
-107374176.000000 -107374176.000000 -107374176.000000
1.000000 0.000000
49.158577 10.960031 43.132339
-107374176.000000 -107374176.000000 -107374176.000000
1.000000 0.000000
47.977795 12.873022 38.641006
-107374176.000000 -107374176.000000 -107374176.000000
1.000000 0.000000
50.632122 12.974781 39.169617
-107374176.000000 -107374176.000000 -107374176.000000
1.000000 0.000000
49.158577 10.960031 43.132339
-107374176.000000 -107374176.000000 -107374176.000000
1.000000 0.000000
46.990574 10.099456 48.313644
-107374176.000000 -107374176.000000 -107374176.000000
1.000000 0.000000
47.094780 10.955122 42.472588
-107374176.000000 -107374176.000000 -107374176.000000
1.000000 0.000000
48.402802 10.117156 48.031265
-107374176.000000 -107374176.000000 -107374176.000000
1.000000 0.000000
47.094780 10.955122 42.472588
-107374176.000000 -107374176.000000 -107374176.000000
1.000000 0.000000
49.158577 10.960031 43.132339
-107374176.000000 -107374176.000000 -107374176.000000
1.000000 0.000000
48.402802 10.117156 48.031265
-107374176.000000 -107374176.000000 -107374176.000000
1.000000 0.000000
49.378044 12.357615 56.254761
-107374176.000000 -107374176.000000 -107374176.000000
1.000000 0.000000
48.402802 10.117156 48.031265
-107374176.000000 -107374176.000000 -107374176.000000
1.000000 0.000000
49.500557 12.359158 56.230278
-107374176.000000 -107374176.000000 -107374176.000000
1.000000 0.000000
48.402802 10.117156 48.031265
-107374176.000000 -107374176.000000 -107374176.000000
1.000000 0.000000
49.378044 12.357615 56.254761
-107374176.000000 -107374176.000000 -107374176.000000
1.000000 0.000000
46.990574 10.099456 48.313644
-107374176.000000 -107374176.000000 -107374176.000000
1.000000 0.000000
50.434589 12.902586 46.090950
-107374176.000000 -107374176.000000 -107374176.000000
1.000000 0.000000
46.336685 16.197781 24.105055
-107374176.000000 -107374176.000000 -107374176.000000
1.000000 0.000000
48.079678 16.197054 46.507515
-107374176.000000 -107374176.000000 -107374176.000000
1.000000 0.000000
46.336685 16.197781 24.105055
-107374176.000000 -107374176.000000 -107374176.000000
1.000000 0.000000
50.434589 12.902586 46.090950
-107374176.000000 -107374176.000000 -107374176.000000
1.000000 0.000000
50.163010 10.926620 24.105055
-107374176.000000 -107374176.000000 -107374176.000000
1.000000 0.000000
52.917892 13.560232 52.144302
-107374176.000000 -107374176.000000 -107374176.000000
1.000000 0.000000
48.079678 16.197054 46.507515
-107374176.000000 -107374176.000000 -107374176.000000
1.000000 0.000000
51.138641 16.195761 52.847664
-107374176.000000 -107374176.000000 -107374176.000000
1.000000 0.000000
48.079678 16.197054 46.507515
-107374176.000000 -107374176.000000 -107374176.000000
1.000000 0.000000
52.917892 13.560232 52.144302
-107374176.000000 -107374176.000000 -107374176.000000
1.000000 0.000000
50.434589 12.902586 46.090950
-107374176.000000 -107374176.000000 -107374176.000000
1.000000 0.000000
53.101593 14.443487 60.973076
-107374176.000000 -107374176.000000 -107374176.000000
1.000000 0.000000
51.138641 16.195761 52.847664
-107374176.000000 -107374176.000000 -107374176.000000
1.000000 0.000000
51.988739 16.195406 60.357361
-107374176.000000 -107374176.000000 -107374176.000000
1.000000 0.000000
51.138641 16.195761 52.847664
-107374176.000000 -107374176.000000 -107374176.000000
1.000000 0.000000
53.101593 14.443487 60.973076
-107374176.000000 -107374176.000000 -107374176.000000
1.000000 0.000000
52.917892 13.560232 52.144302
-107374176.000000 -107374176.000000 -107374176.000000
1.000000 0.000000
47.009922 16.045568 72.251381
-107374176.000000 -107374176.000000 -107374176.000000
1.000000 0.000000
53.101593 14.443487 60.973076
-107374176.000000 -107374176.000000 -107374176.000000
1.000000 0.000000
46.913376 16.197546 72.197952
-107374176.000000 -107374176.000000 -107374176.000000
1.000000 0.000000
46.913376 16.197546 72.197952
-107374176.000000 -107374176.000000 -107374176.000000
1.000000 0.000000
53.101593 14.443487 60.973076
-107374176.000000 -107374176.000000 -107374176.000000
1.000000 0.000000
51.988739 16.195406 60.357361
-107374176.000000 -107374176.000000 -107374176.000000
1.000000 0.000000
45.647606 11.424945 38.641029
-107374176.000000 -107374176.000000 -107374176.000000
1.000000 0.000000
45.165180 6.336094 24.496740
-107374176.000000 -107374176.000000 -107374176.000000
1.000000 0.000000
44.384228 9.088349 39.169640
-107374176.000000 -107374176.000000 -107374176.000000
1.000000 0.000000
45.165180 6.336094 24.496740
-107374176.000000 -107374176.000000 -107374176.000000
1.000000 0.000000
45.647606 11.424945 38.641029
-107374176.000000 -107374176.000000 -107374176.000000
1.000000 0.000000
47.161388 10.160422 24.086935
-107374176.000000 -107374176.000000 -107374176.000000
1.000000 0.000000
44.384228 9.088349 39.169640
-107374176.000000 -107374176.000000 -107374176.000000
1.000000 0.000000
43.399944 11.382193 43.132362
-107374176.000000 -107374176.000000 -107374176.000000
1.000000 0.000000
45.647606 11.424945 38.641029
-107374176.000000 -107374176.000000 -107374176.000000
1.000000 0.000000
44.446117 13.161182 42.472679
-107374176.000000 -107374176.000000 -107374176.000000
1.000000 0.000000
45.647606 11.424945 38.641029
-107374176.000000 -107374176.000000 -107374176.000000
1.000000 0.000000
43.399944 11.382193 43.132362
-107374176.000000 -107374176.000000 -107374176.000000
1.000000 0.000000
43.762611 13.686397 48.313667
-107374176.000000 -107374176.000000 -107374176.000000
1.000000 0.000000
44.446117 13.161182 42.472679
-107374176.000000 -107374176.000000 -107374176.000000
1.000000 0.000000
43.059074 12.461751 48.031288
-107374176.000000 -107374176.000000 -107374176.000000
1.000000 0.000000
44.446117 13.161182 42.472679
-107374176.000000 -107374176.000000 -107374176.000000
1.000000 0.000000
43.399944 11.382193 43.132362
-107374176.000000 -107374176.000000 -107374176.000000
1.000000 0.000000
43.059074 12.461751 48.031288
-107374176.000000 -107374176.000000 -107374176.000000
1.000000 0.000000
44.491264 10.481949 56.254829
-107374176.000000 -107374176.000000 -107374176.000000
1.000000 0.000000
43.059074 12.461751 48.031288
-107374176.000000 -107374176.000000 -107374176.000000
1.000000 0.000000
44.430233 10.375711 56.230309
-107374176.000000 -107374176.000000 -107374176.000000
1.000000 0.000000
43.059074 12.461751 48.031288
-107374176.000000 -107374176.000000 -107374176.000000
1.000000 0.000000
44.491264 10.481949 56.254829
-107374176.000000 -107374176.000000 -107374176.000000
1.000000 0.000000
43.762611 13.686397 48.313667
-107374176.000000 -107374176.000000 -107374176.000000
1.000000 0.000000
51.822041 18.893299 43.193169
-107374176.000000 -107374176.000000 -107374176.000000
1.000000 0.000000
58.272316 20.995821 23.211035
-107374176.000000 -107374176.000000 -107374176.000000
1.000000 0.000000
55.175049 20.693525 44.638527
-107374176.000000 -107374176.000000 -107374176.000000
1.000000 0.000000
58.272316 20.995821 23.211035
-107374176.000000 -107374176.000000 -107374176.000000
1.000000 0.000000
51.822041 18.893299 43.193169
-107374176.000000 -107374176.000000 -107374176.000000
1.000000 0.000000
51.925278 21.794432 23.136618
-107374176.000000 -107374176.000000 -107374176.000000
1.000000 0.000000
50.583244 15.943514 48.938232
-107374176.000000 -107374176.000000 -107374176.000000
1.000000 0.000000
55.175049 20.693525 44.638527
-107374176.000000 -107374176.000000 -107374176.000000
1.000000 0.000000
53.157417 17.255898 50.440895
-107374176.000000 -107374176.000000 -107374176.000000
1.000000 0.000000
55.175049 20.693525 44.638527
-107374176.000000 -107374176.000000 -107374176.000000
1.000000 0.000000
50.583244 15.943514 48.938232
-107374176.000000 -107374176.000000 -107374176.000000
1.000000 0.000000
51.822041 18.893299 43.193169
-107374176.000000 -107374176.000000 -107374176.000000
1.000000 0.000000
49.146435 15.044168 57.649597
-107374176.000000 -107374176.000000 -107374176.000000
1.000000 0.000000
53.157417 17.255898 50.440895
-107374176.000000 -107374176.000000 -107374176.000000
1.000000 0.000000
51.125778 15.919455 57.596565
-107374176.000000 -107374176.000000 -107374176.000000
1.000000 0.000000
53.157417 17.255898 50.440895
-107374176.000000 -107374176.000000 -107374176.000000
1.000000 0.000000
49.146435 15.044168 57.649597
-107374176.000000 -107374176.000000 -107374176.000000
1.000000 0.000000
50.583244 15.943514 48.938232
-107374176.000000 -107374176.000000 -107374176.000000
1.000000 0.000000
51.125778 15.919455 57.596565
-107374176.000000 -107374176.000000 -107374176.000000
1.000000 0.000000
48.751183 20.140455 69.534042
-107374176.000000 -107374176.000000 -107374176.000000
1.000000 0.000000
49.146435 15.044168 57.649597
-107374176.000000 -107374176.000000 -107374176.000000
1.000000 0.000000
48.579479 20.064522 69.538696
-107374176.000000 -107374176.000000 -107374176.000000
1.000000 0.000000
49.146435 15.044168 57.649597
-107374176.000000 -107374176.000000 -107374176.000000
1.000000 0.000000
48.751183 20.140455 69.534042
-107374176.000000 -107374176.000000 -107374176.000000
1.000000 0.000000
57.130692 8.714508 32.420212
-107374176.000000 -107374176.000000 -107374176.000000
1.000000 0.000000
55.227562 6.171993 23.632341
-107374176.000000 -107374176.000000 -107374176.000000
1.000000 0.000000
55.704338 7.884340 32.748657
-107374176.000000 -107374176.000000 -107374176.000000
1.000000 0.000000
55.227562 6.171993 23.632341
-107374176.000000 -107374176.000000 -107374176.000000
1.000000 0.000000
57.130692 8.714508 32.420212
-107374176.000000 -107374176.000000 -107374176.000000
1.000000 0.000000
57.524132 7.553900 23.377714
-107374176.000000 -107374176.000000 -107374176.000000
1.000000 0.000000
57.055557 10.024185 34.800812
-107374176.000000 -107374176.000000 -107374176.000000
1.000000 0.000000
55.704338 7.884340 32.748657
-107374176.000000 -107374176.000000 -107374176.000000
1.000000 0.000000
55.924889 9.419416 35.210693
-107374176.000000 -107374176.000000 -107374176.000000
1.000000 0.000000
55.704338 7.884340 32.748657
-107374176.000000 -107374176.000000 -107374176.000000
1.000000 0.000000
57.055557 10.024185 34.800812
-107374176.000000 -107374176.000000 -107374176.000000
1.000000 0.000000
57.130692 8.714508 32.420212
-107374176.000000 -107374176.000000 -107374176.000000
1.000000 0.000000
56.863098 10.523956 38.429817
-107374176.000000 -107374176.000000 -107374176.000000
1.000000 0.000000
55.924889 9.419416 35.210693
-107374176.000000 -107374176.000000 -107374176.000000
1.000000 0.000000
56.093575 10.102264 38.254395
-107374176.000000 -107374176.000000 -107374176.000000
1.000000 0.000000
55.924889 9.419416 35.210693
-107374176.000000 -107374176.000000 -107374176.000000
1.000000 0.000000
56.863098 10.523956 38.429817
-107374176.000000 -107374176.000000 -107374176.000000
1.000000 0.000000
57.055557 10.024185 34.800812
-107374176.000000 -107374176.000000 -107374176.000000
1.000000 0.000000
56.212212 8.588745 43.363686
-107374176.000000 -107374176.000000 -107374176.000000
1.000000 0.000000
56.863098 10.523956 38.429817
-107374176.000000 -107374176.000000 -107374176.000000
1.000000 0.000000
56.145462 8.552158 43.348442
-107374176.000000 -107374176.000000 -107374176.000000
1.000000 0.000000
56.145462 8.552158 43.348442
-107374176.000000 -107374176.000000 -107374176.000000
1.000000 0.000000
56.863098 10.523956 38.429817
-107374176.000000 -107374176.000000 -107374176.000000
1.000000 0.000000
56.093575 10.102264 38.254395
-107374176.000000 -107374176.000000 -107374176.000000
1.000000 0.000000
