144
32.807899 -50.000000 -2.770538
-107374176.000000 -107374176.000000 -107374176.000000
0.173974 0.729917
32.807899 0.000000 -66.094109
-107374176.000000 -107374176.000000 -107374176.000000
0.487336 0.914282
58.391937 -25.584036 -2.770538
-107374176.000000 -107374176.000000 -107374176.000000
0.315443 0.698088
32.807899 0.000000 -66.094109
-107374176.000000 -107374176.000000 -107374176.000000
0.487336 0.914282
82.807899 0.000000 -2.770538
-107374176.000000 -107374176.000000 -107374176.000000
0.470638 0.701014
58.391937 -25.584036 -2.770538
-107374176.000000 -107374176.000000 -107374176.000000
0.315443 0.698088
82.807899 0.000000 -2.770538
-107374176.000000 -107374176.000000 -107374176.000000
0.470638 0.701014
32.807899 0.000000 -66.094109
-107374176.000000 -107374176.000000 -107374176.000000
0.487336 0.914282
58.391937 25.584036 -2.770538
-107374176.000000 -107374176.000000 -107374176.000000
0.648610 0.702775
32.807899 0.000000 -66.094109
-107374176.000000 -107374176.000000 -107374176.000000
0.487336 0.914282
32.807899 50.000000 -2.770538
-107374176.000000 -107374176.000000 -107374176.000000
0.811425 0.748806
58.391937 25.584036 -2.770538
-107374176.000000 -107374176.000000 -107374176.000000
0.648610 0.702775
32.807899 0.000000 160.553040
-107374176.000000 -107374176.000000 -107374176.000000
0.508984 0.099277
32.807899 -50.000000 97.229462
-107374176.000000 -107374176.000000 -107374176.000000
0.189265 0.273839
58.391937 -25.584036 97.229462
-107374176.000000 -107374176.000000 -107374176.000000
0.327088 0.318983
32.807899 0.000000 160.553040
-107374176.000000 -107374176.000000 -107374176.000000
0.508984 0.099277
58.391937 -25.584036 97.229462
-107374176.000000 -107374176.000000 -107374176.000000
0.327088 0.318983
82.807899 0.000000 97.229462
-107374176.000000 -107374176.000000 -107374176.000000
0.480379 0.335060
32.807899 0.000000 160.553040
-107374176.000000 -107374176.000000 -107374176.000000
0.508984 0.099277
82.807899 0.000000 97.229462
-107374176.000000 -107374176.000000 -107374176.000000
0.480379 0.335060
58.391937 25.584036 97.229462
-107374176.000000 -107374176.000000 -107374176.000000
0.657781 0.333839
32.807899 0.000000 160.553040
-107374176.000000 -107374176.000000 -107374176.000000
0.508984 0.099277
58.391937 25.584036 97.229462
-107374176.000000 -107374176.000000 -107374176.000000
0.657781 0.333839
32.807899 50.000000 97.229462
-107374176.000000 -107374176.000000 -107374176.000000
0.822062 0.291926
32.807899 -72.999092 47.229462
-107374176.000000 -107374176.000000 -107374176.000000
0.092946 0.499135
58.391937 -25.584036 -2.770538
-107374176.000000 -107374176.000000 -107374176.000000
0.315443 0.698088
82.807899 -50.000000 47.229462
-107374176.000000 -107374176.000000 -107374176.000000
0.210165 0.509965
58.391937 -25.584036 -2.770538
-107374176.000000 -107374176.000000 -107374176.000000
0.315443 0.698088
32.807899 -72.999092 47.229462
-107374176.000000 -107374176.000000 -107374176.000000
0.092946 0.499135
32.807899 -50.000000 -2.770538
-107374176.000000 -107374176.000000 -107374176.000000
0.173974 0.729917
32.807899 -50.000000 97.229462
-107374176.000000 -107374176.000000 -107374176.000000
0.189265 0.273839
32.807899 -72.999092 47.229462
-107374176.000000 -107374176.000000 -107374176.000000
0.092946 0.499135
58.391937 -25.584036 97.229462
-107374176.000000 -107374176.000000 -107374176.000000
0.327088 0.318983
32.807899 -72.999092 47.229462
-107374176.000000 -107374176.000000 -107374176.000000
0.092946 0.499135
82.807899 -50.000000 47.229462
-107374176.000000 -107374176.000000 -107374176.000000
0.210165 0.509965
58.391937 -25.584036 97.229462
-107374176.000000 -107374176.000000 -107374176.000000
0.327088 0.318983
82.807899 -50.000000 47.229462
-107374176.000000 -107374176.000000 -107374176.000000
0.210165 0.509965
58.391937 -25.584036 -2.770538
-107374176.000000 -107374176.000000 -107374176.000000
0.315443 0.698088
105.806992 0.000000 47.229462
-107374176.000000 -107374176.000000 -107374176.000000
0.466723 0.524109
105.806992 0.000000 47.229462
-107374176.000000 -107374176.000000 -107374176.000000
0.466723 0.524109
58.391937 -25.584036 -2.770538
-107374176.000000 -107374176.000000 -107374176.000000
0.315443 0.698088
82.807899 0.000000 -2.770538
-107374176.000000 -107374176.000000 -107374176.000000
0.470638 0.701014
105.806992 0.000000 47.229462
-107374176.000000 -107374176.000000 -107374176.000000
0.466723 0.524109
58.391937 25.584036 -2.770538
-107374176.000000 -107374176.000000 -107374176.000000
0.648610 0.702775
82.807899 50.000000 47.229462
-107374176.000000 -107374176.000000 -107374176.000000
0.744306 0.527129
58.391937 25.584036 -2.770538
-107374176.000000 -107374176.000000 -107374176.000000
0.648610 0.702775
105.806992 0.000000 47.229462
-107374176.000000 -107374176.000000 -107374176.000000
0.466723 0.524109
82.807899 0.000000 -2.770538
-107374176.000000 -107374176.000000 -107374176.000000
0.470638 0.701014
58.391937 -25.584036 97.229462
-107374176.000000 -107374176.000000 -107374176.000000
0.327088 0.318983
105.806992 0.000000 47.229462
-107374176.000000 -107374176.000000 -107374176.000000
0.466723 0.524109
82.807899 0.000000 97.229462
-107374176.000000 -107374176.000000 -107374176.000000
0.480379 0.335060
105.806992 0.000000 47.229462
-107374176.000000 -107374176.000000 -107374176.000000
0.466723 0.524109
58.391937 -25.584036 97.229462
-107374176.000000 -107374176.000000 -107374176.000000
0.327088 0.318983
82.807899 -50.000000 47.229462
-107374176.000000 -107374176.000000 -107374176.000000
0.210165 0.509965
82.807899 0.000000 97.229462
-107374176.000000 -107374176.000000 -107374176.000000
0.480379 0.335060
105.806992 0.000000 47.229462
-107374176.000000 -107374176.000000 -107374176.000000
0.466723 0.524109
58.391937 25.584036 97.229462
-107374176.000000 -107374176.000000 -107374176.000000
0.657781 0.333839
105.806992 0.000000 47.229462
-107374176.000000 -107374176.000000 -107374176.000000
0.466723 0.524109
82.807899 50.000000 47.229462
-107374176.000000 -107374176.000000 -107374176.000000
0.744306 0.527129
58.391937 25.584036 97.229462
-107374176.000000 -107374176.000000 -107374176.000000
0.657781 0.333839
82.807899 50.000000 47.229462
-107374176.000000 -107374176.000000 -107374176.000000
0.744306 0.527129
58.391937 25.584036 -2.770538
-107374176.000000 -107374176.000000 -107374176.000000
0.648610 0.702775
32.807899 72.999092 47.229462
-107374176.000000 -107374176.000000 -107374176.000000
0.908293 0.523735
32.807899 72.999092 47.229462
-107374176.000000 -107374176.000000 -107374176.000000
0.908293 0.523735
58.391937 25.584036 -2.770538
-107374176.000000 -107374176.000000 -107374176.000000
0.648610 0.702775
32.807899 50.000000 -2.770538
-107374176.000000 -107374176.000000 -107374176.000000
0.811425 0.748806
58.391937 25.584036 97.229462
-107374176.000000 -107374176.000000 -107374176.000000
0.657781 0.333839
32.807899 72.999092 47.229462
-107374176.000000 -107374176.000000 -107374176.000000
0.908293 0.523735
32.807899 50.000000 97.229462
-107374176.000000 -107374176.000000 -107374176.000000
0.822062 0.291926
32.807899 72.999092 47.229462
-107374176.000000 -107374176.000000 -107374176.000000
0.908293 0.523735
58.391937 25.584036 97.229462
-107374176.000000 -107374176.000000 -107374176.000000
0.657781 0.333839
82.807899 50.000000 47.229462
-107374176.000000 -107374176.000000 -107374176.000000
0.744306 0.527129
32.807899 0.000000 -66.094109
-107374176.000000 -107374176.000000 -107374176.000000
0.487336 0.914282
32.807899 -50.000000 -2.770538
-107374176.000000 -107374176.000000 -107374176.000000
0.173974 0.729917
7.223862 -25.584036 -2.770538
-107374176.000000 -107374176.000000 -107374176.000000
0.315443 0.698088
-17.192101 0.000000 -2.770538
-107374176.000000 -107374176.000000 -107374176.000000
0.470638 0.701014
32.807899 0.000000 -66.094109
-107374176.000000 -107374176.000000 -107374176.000000
0.487336 0.914282
7.223862 -25.584036 -2.770538
-107374176.000000 -107374176.000000 -107374176.000000
0.315443 0.698088
7.223862 25.584036 -2.770538
-107374176.000000 -107374176.000000 -107374176.000000
0.648610 0.702775
32.807899 0.000000 -66.094109
-107374176.000000 -107374176.000000 -107374176.000000
0.487336 0.914282
-17.192101 0.000000 -2.770538
-107374176.000000 -107374176.000000 -107374176.000000
0.470638 0.701014
32.807899 50.000000 -2.770538
-107374176.000000 -107374176.000000 -107374176.000000
0.811425 0.748806
32.807899 0.000000 -66.094109
-107374176.000000 -107374176.000000 -107374176.000000
0.487336 0.914282
7.223862 25.584036 -2.770538
-107374176.000000 -107374176.000000 -107374176.000000
0.648610 0.702775
32.807899 0.000000 160.553040
-107374176.000000 -107374176.000000 -107374176.000000
0.508984 0.099277
7.223862 -25.584036 97.229462
-107374176.000000 -107374176.000000 -107374176.000000
0.327088 0.318983
32.807899 -50.000000 97.229462
-107374176.000000 -107374176.000000 -107374176.000000
0.189265 0.273839
7.223862 -25.584036 97.229462
-107374176.000000 -107374176.000000 -107374176.000000
0.327088 0.318983
32.807899 0.000000 160.553040
-107374176.000000 -107374176.000000 -107374176.000000
0.508984 0.099277
-17.192101 0.000000 97.229462
-107374176.000000 -107374176.000000 -107374176.000000
0.480379 0.335060
32.807899 0.000000 160.553040
-107374176.000000 -107374176.000000 -107374176.000000
0.508984 0.099277
32.807899 50.000000 97.229462
-107374176.000000 -107374176.000000 -107374176.000000
0.822062 0.291926
7.223862 25.584036 97.229462
-107374176.000000 -107374176.000000 -107374176.000000
0.657781 0.333839
32.807899 0.000000 160.553040
-107374176.000000 -107374176.000000 -107374176.000000
0.508984 0.099277
7.223862 25.584036 97.229462
-107374176.000000 -107374176.000000 -107374176.000000
0.657781 0.333839
-17.192101 0.000000 97.229462
-107374176.000000 -107374176.000000 -107374176.000000
0.480379 0.335060
32.807899 -72.999092 47.229462
-107374176.000000 -107374176.000000 -107374176.000000
0.092946 0.499135
7.223862 -25.584036 -2.770538
-107374176.000000 -107374176.000000 -107374176.000000
0.315443 0.698088
32.807899 -50.000000 -2.770538
-107374176.000000 -107374176.000000 -107374176.000000
0.173974 0.729917
7.223862 -25.584036 -2.770538
-107374176.000000 -107374176.000000 -107374176.000000
0.315443 0.698088
32.807899 -72.999092 47.229462
-107374176.000000 -107374176.000000 -107374176.000000
0.092946 0.499135
-17.192101 -50.000000 47.229462
-107374176.000000 -107374176.000000 -107374176.000000
0.210165 0.509965
7.223862 -25.584036 97.229462
-107374176.000000 -107374176.000000 -107374176.000000
0.327088 0.318983
32.807899 -72.999092 47.229462
-107374176.000000 -107374176.000000 -107374176.000000
0.092946 0.499135
32.807899 -50.000000 97.229462
-107374176.000000 -107374176.000000 -107374176.000000
0.189265 0.273839
32.807899 -72.999092 47.229462
-107374176.000000 -107374176.000000 -107374176.000000
0.092946 0.499135
7.223862 -25.584036 97.229462
-107374176.000000 -107374176.000000 -107374176.000000
0.327088 0.318983
-17.192101 -50.000000 47.229462
-107374176.000000 -107374176.000000 -107374176.000000
0.210165 0.509965
-40.191193 0.000000 47.229462
-107374176.000000 -107374176.000000 -107374176.000000
0.466723 0.524109
7.223862 -25.584036 -2.770538
-107374176.000000 -107374176.000000 -107374176.000000
0.315443 0.698088
-17.192101 -50.000000 47.229462
-107374176.000000 -107374176.000000 -107374176.000000
0.210165 0.509965
7.223862 -25.584036 -2.770538
-107374176.000000 -107374176.000000 -107374176.000000
0.315443 0.698088
-40.191193 0.000000 47.229462
-107374176.000000 -107374176.000000 -107374176.000000
0.466723 0.524109
-17.192101 0.000000 -2.770538
-107374176.000000 -107374176.000000 -107374176.000000
0.470638 0.701014
-40.191193 0.000000 47.229462
-107374176.000000 -107374176.000000 -107374176.000000
0.466723 0.524109
7.223862 25.584036 -2.770538
-107374176.000000 -107374176.000000 -107374176.000000
0.648610 0.702775
-17.192101 0.000000 -2.770538
-107374176.000000 -107374176.000000 -107374176.000000
0.470638 0.701014
7.223862 25.584036 -2.770538
-107374176.000000 -107374176.000000 -107374176.000000
0.648610 0.702775
-40.191193 0.000000 47.229462
-107374176.000000 -107374176.000000 -107374176.000000
0.466723 0.524109
-17.192101 50.000000 47.229462
-107374176.000000 -107374176.000000 -107374176.000000
0.744306 0.527129
-40.191193 0.000000 47.229462
-107374176.000000 -107374176.000000 -107374176.000000
0.466723 0.524109
7.223862 -25.584036 97.229462
-107374176.000000 -107374176.000000 -107374176.000000
0.327088 0.318983
-17.192101 0.000000 97.229462
-107374176.000000 -107374176.000000 -107374176.000000
0.480379 0.335060
7.223862 -25.584036 97.229462
-107374176.000000 -107374176.000000 -107374176.000000
0.327088 0.318983
-40.191193 0.000000 47.229462
-107374176.000000 -107374176.000000 -107374176.000000
0.466723 0.524109
-17.192101 -50.000000 47.229462
-107374176.000000 -107374176.000000 -107374176.000000
0.210165 0.509965
7.223862 25.584036 97.229462
-107374176.000000 -107374176.000000 -107374176.000000
0.657781 0.333839
-40.191193 0.000000 47.229462
-107374176.000000 -107374176.000000 -107374176.000000
0.466723 0.524109
-17.192101 0.000000 97.229462
-107374176.000000 -107374176.000000 -107374176.000000
0.480379 0.335060
-40.191193 0.000000 47.229462
-107374176.000000 -107374176.000000 -107374176.000000
0.466723 0.524109
7.223862 25.584036 97.229462
-107374176.000000 -107374176.000000 -107374176.000000
0.657781 0.333839
-17.192101 50.000000 47.229462
-107374176.000000 -107374176.000000 -107374176.000000
0.744306 0.527129
32.807899 72.999092 47.229462
-107374176.000000 -107374176.000000 -107374176.000000
0.908293 0.523735
7.223862 25.584036 -2.770538
-107374176.000000 -107374176.000000 -107374176.000000
0.648610 0.702775
-17.192101 50.000000 47.229462
-107374176.000000 -107374176.000000 -107374176.000000
0.744306 0.527129
7.223862 25.584036 -2.770538
-107374176.000000 -107374176.000000 -107374176.000000
0.648610 0.702775
32.807899 72.999092 47.229462
-107374176.000000 -107374176.000000 -107374176.000000
0.908293 0.523735
32.807899 50.000000 -2.770538
-107374176.000000 -107374176.000000 -107374176.000000
0.811425 0.748806
32.807899 72.999092 47.229462
-107374176.000000 -107374176.000000 -107374176.000000
0.908293 0.523735
7.223862 25.584036 97.229462
-107374176.000000 -107374176.000000 -107374176.000000
0.657781 0.333839
32.807899 50.000000 97.229462
-107374176.000000 -107374176.000000 -107374176.000000
0.822062 0.291926
7.223862 25.584036 97.229462
-107374176.000000 -107374176.000000 -107374176.000000
0.657781 0.333839
32.807899 72.999092 47.229462
-107374176.000000 -107374176.000000 -107374176.000000
0.908293 0.523735
-17.192101 50.000000 47.229462
-107374176.000000 -107374176.000000 -107374176.000000
0.744306 0.527129
105.806992 160.553040 72.999092
-40.191193 -66.094109 -72.999092
