240
0.001517 0.008927 -0.781047
-107374176.000000 -107374176.000000 -107374176.000000
0.207990 0.814827
0.355457 -0.266307 -0.636141
-107374176.000000 -107374176.000000 -107374176.000000
0.106738 0.766941
-0.147030 -0.471534 -0.734285
-107374176.000000 -107374176.000000 -107374176.000000
0.121794 0.897486
0.697827 -0.510006 -0.407667
-107374176.000000 -107374176.000000 -107374176.000000
0.010298 0.713629
0.355457 -0.266307 -0.636141
-107374176.000000 -107374176.000000 -107374176.000000
0.106738 0.766941
0.761083 -0.002980 -0.423106
-107374176.000000 -107374176.000000 -107374176.000000
0.110157 0.643726
0.001517 0.008927 -0.781047
-107374176.000000 -107374176.000000 -107374176.000000
0.207990 0.814827
-0.147030 -0.471534 -0.734285
-107374176.000000 -107374176.000000 -107374176.000000
0.121794 0.897486
-0.478262 0.006699 -0.701365
-107374176.000000 -107374176.000000 -107374176.000000
0.256608 0.908706
0.001517 0.008927 -0.781047
-107374176.000000 -107374176.000000 -107374176.000000
0.207990 0.814827
-0.478262 0.006699 -0.701365
-107374176.000000 -107374176.000000 -107374176.000000
0.256608 0.908706
-0.147765 0.493405 -0.631237
-107374176.000000 -107374176.000000 -107374176.000000
0.320139 0.782464
0.001517 0.008927 -0.781047
-107374176.000000 -107374176.000000 -107374176.000000
0.207990 0.814827
-0.147765 0.493405 -0.631237
-107374176.000000 -107374176.000000 -107374176.000000
0.320139 0.782464
0.352093 0.279939 -0.680125
-107374176.000000 -107374176.000000 -107374176.000000
0.223067 0.707550
0.697827 -0.510006 -0.407667
-107374176.000000 -107374176.000000 -107374176.000000
0.010298 0.713629
0.761083 -0.002980 -0.423106
-107374176.000000 -107374176.000000 -107374176.000000
0.110157 0.643726
0.948490 -0.308439 -0.000189
-107374176.000000 -107374176.000000 -107374176.000000
0.010496 0.619248
-0.276388 -0.850649 -0.447220
-107374176.000000 -107374176.000000 -107374176.000000
0.811689 0.697845
0.260267 -0.804992 -0.518807
-107374176.000000 -107374176.000000 -107374176.000000
0.715321 0.626617
-0.000040 -1.000468 -0.000050
-107374176.000000 -107374176.000000 -107374176.000000
0.696915 0.758932
-0.843376 0.084293 -0.328067
-107374176.000000 -107374176.000000 -107374176.000000
0.577157 0.334297
-0.687261 -0.499062 -0.523824
-107374176.000000 -107374176.000000 -107374176.000000
0.647277 0.237695
-0.925418 -0.266665 0.059847
-107374176.000000 -107374176.000000 -107374176.000000
0.494911 0.249626
-0.266149 0.816299 -0.258414
-107374176.000000 -107374176.000000 -107374176.000000
0.557917 0.554577
-0.664861 0.540762 -0.402195
-107374176.000000 -107374176.000000 -107374176.000000
0.586140 0.449779
-0.585293 0.811072 0.013386
-107374176.000000 -107374176.000000 -107374176.000000
0.483178 0.510913
0.606233 0.448203 -0.336724
-107374176.000000 -107374176.000000 -107374176.000000
0.204107 0.550440
0.261392 0.811094 -0.483657
-107374176.000000 -107374176.000000 -107374176.000000
0.321859 0.510687
0.526814 0.710973 0.012268
-107374176.000000 -107374176.000000 -107374176.000000
0.203686 0.454032
0.697827 -0.510006 -0.407667
-107374176.000000 -107374176.000000 -107374176.000000
0.492176 1.000000
0.948490 -0.308439 -0.000189
-107374176.000000 -107374176.000000 -107374176.000000
0.604964 0.967030
0.578120 -0.752497 0.042553
-107374176.000000 -107374176.000000 -107374176.000000
0.492039 0.889915
-0.276388 -0.850649 -0.447220
-107374176.000000 -107374176.000000 -107374176.000000
0.811689 0.697845
-0.000040 -1.000468 -0.000050
-107374176.000000 -107374176.000000 -107374176.000000
0.696915 0.758932
-0.587786 -0.809017 0.000000
-107374176.000000 -107374176.000000 -107374176.000000
0.827790 0.826848
-0.843376 0.084293 -0.328067
-107374176.000000 -107374176.000000 -107374176.000000
0.577157 0.334297
-0.925418 -0.266665 0.059847
-107374176.000000 -107374176.000000 -107374176.000000
0.494911 0.249626
-0.887441 0.414086 0.148492
-107374176.000000 -107374176.000000 -107374176.000000
0.453612 0.391337
-0.266149 0.816299 -0.258414
-107374176.000000 -107374176.000000 -107374176.000000
0.557917 0.554577
-0.585293 0.811072 0.013386
-107374176.000000 -107374176.000000 -107374176.000000
0.483178 0.510913
0.014043 1.008187 -0.011882
-107374176.000000 -107374176.000000 -107374176.000000
0.504148 0.626617
0.606233 0.448203 -0.336724
-107374176.000000 -107374176.000000 -107374176.000000
0.204107 0.550440
0.526814 0.710973 0.012268
-107374176.000000 -107374176.000000 -107374176.000000
0.203686 0.454032
0.902313 0.190470 0.032723
-107374176.000000 -107374176.000000 -107374176.000000
0.077079 0.533615
0.236178 -0.835319 0.362356
-107374176.000000 -107374176.000000 -107374176.000000
0.477209 0.778013
0.717155 -0.417824 0.360856
-107374176.000000 -107374176.000000 -107374176.000000
0.603514 0.862354
0.150666 -0.509473 0.820395
-107374176.000000 -107374176.000000 -107374176.000000
0.578100 0.691744
-0.728067 -0.526352 0.455606
-107374176.000000 -107374176.000000 -107374176.000000
0.998730 0.493878
-0.362988 -0.823800 0.713813
-107374176.000000 -107374176.000000 -107374176.000000
1.000000 0.367571
-0.427162 -0.309270 0.854112
-107374176.000000 -107374176.000000 -107374176.000000
0.891854 0.433140
-0.720556 0.530766 0.454343
-107374176.000000 -107374176.000000 -107374176.000000
0.786987 0.626617
-0.846383 0.007044 0.535690
-107374176.000000 -107374176.000000 -107374176.000000
0.897281 0.576777
-0.425323 0.309013 0.850657
-107374176.000000 -107374176.000000 -107374176.000000
0.768493 0.511471
0.217305 0.850241 0.318695
-107374176.000000 -107374176.000000 -107374176.000000
0.222888 0.347760
-0.264723 0.814647 0.512722
-107374176.000000 -107374176.000000 -107374176.000000
0.256335 0.255773
0.121396 0.412214 0.731135
-107374176.000000 -107374176.000000 -107374176.000000
0.117618 0.289598
0.857002 -0.011950 0.430880
-107374176.000000 -107374176.000000 -107374176.000000
0.000000 0.466584
0.608673 0.401627 0.424757
-107374176.000000 -107374176.000000 -107374176.000000
0.092443 0.407335
0.427001 -0.002818 0.675509
-107374176.000000 -107374176.000000 -107374176.000000
0.025728 0.367666
-0.147030 -0.471534 -0.734285
-107374176.000000 -107374176.000000 -107374176.000000
0.121794 0.897486
0.260267 -0.804992 -0.518807
-107374176.000000 -107374176.000000 -107374176.000000
0.000000 0.841848
-0.276388 -0.850649 -0.447220
-107374176.000000 -107374176.000000 -107374176.000000
0.045983 0.952655
-0.147030 -0.471534 -0.734285
-107374176.000000 -107374176.000000 -107374176.000000
0.121794 0.897486
0.355457 -0.266307 -0.636141
-107374176.000000 -107374176.000000 -107374176.000000
0.106738 0.766941
0.260267 -0.804992 -0.518807
-107374176.000000 -107374176.000000 -107374176.000000
0.000000 0.841848
0.355457 -0.266307 -0.636141
-107374176.000000 -107374176.000000 -107374176.000000
0.106738 0.766941
0.697827 -0.510006 -0.407667
-107374176.000000 -107374176.000000 -107374176.000000
0.010298 0.713629
0.260267 -0.804992 -0.518807
-107374176.000000 -107374176.000000 -107374176.000000
0.000000 0.841848
0.761083 -0.002980 -0.423106
-107374176.000000 -107374176.000000 -107374176.000000
0.110157 0.643726
0.352093 0.279939 -0.680125
-107374176.000000 -107374176.000000 -107374176.000000
0.223067 0.707550
0.606233 0.448203 -0.336724
-107374176.000000 -107374176.000000 -107374176.000000
0.218249 0.619467
0.761083 -0.002980 -0.423106
-107374176.000000 -107374176.000000 -107374176.000000
0.110157 0.643726
0.355457 -0.266307 -0.636141
-107374176.000000 -107374176.000000 -107374176.000000
0.106738 0.766941
0.352093 0.279939 -0.680125
-107374176.000000 -107374176.000000 -107374176.000000
0.223067 0.707550
0.355457 -0.266307 -0.636141
-107374176.000000 -107374176.000000 -107374176.000000
0.106738 0.766941
0.001517 0.008927 -0.781047
-107374176.000000 -107374176.000000 -107374176.000000
0.207990 0.814827
0.352093 0.279939 -0.680125
-107374176.000000 -107374176.000000 -107374176.000000
0.223067 0.707550
-0.478262 0.006699 -0.701365
-107374176.000000 -107374176.000000 -107374176.000000
0.679921 0.367883
-0.687261 -0.499062 -0.523824
-107374176.000000 -107374176.000000 -107374176.000000
0.647277 0.237695
-0.843376 0.084293 -0.328067
-107374176.000000 -107374176.000000 -107374176.000000
0.577157 0.334297
-0.478262 0.006699 -0.701365
-107374176.000000 -107374176.000000 -107374176.000000
0.256608 0.908706
-0.147030 -0.471534 -0.734285
-107374176.000000 -107374176.000000 -107374176.000000
0.121794 0.897486
-0.687261 -0.499062 -0.523824
-107374176.000000 -107374176.000000 -107374176.000000
0.166901 1.000000
-0.147030 -0.471534 -0.734285
-107374176.000000 -107374176.000000 -107374176.000000
0.121794 0.897486
-0.276388 -0.850649 -0.447220
-107374176.000000 -107374176.000000 -107374176.000000
0.045983 0.952655
-0.687261 -0.499062 -0.523824
-107374176.000000 -107374176.000000 -107374176.000000
0.166901 1.000000
-0.147765 0.493405 -0.631237
-107374176.000000 -107374176.000000 -107374176.000000
0.659659 0.507416
-0.664861 0.540762 -0.402195
-107374176.000000 -107374176.000000 -107374176.000000
0.586140 0.449779
-0.266149 0.816299 -0.258414
-107374176.000000 -107374176.000000 -107374176.000000
0.557917 0.554577
-0.147765 0.493405 -0.631237
-107374176.000000 -107374176.000000 -107374176.000000
0.320139 0.782464
-0.478262 0.006699 -0.701365
-107374176.000000 -107374176.000000 -107374176.000000
0.256608 0.908706
-0.664861 0.540762 -0.402195
-107374176.000000 -107374176.000000 -107374176.000000
0.377741 0.870803
-0.478262 0.006699 -0.701365
-107374176.000000 -107374176.000000 -107374176.000000
0.679921 0.367883
-0.843376 0.084293 -0.328067
-107374176.000000 -107374176.000000 -107374176.000000
0.577157 0.334297
-0.664861 0.540762 -0.402195
-107374176.000000 -107374176.000000 -107374176.000000
0.586140 0.449779
0.352093 0.279939 -0.680125
-107374176.000000 -107374176.000000 -107374176.000000
0.223067 0.707550
0.261392 0.811094 -0.483657
-107374176.000000 -107374176.000000 -107374176.000000
0.336941 0.655610
0.606233 0.448203 -0.336724
-107374176.000000 -107374176.000000 -107374176.000000
0.218249 0.619467
0.352093 0.279939 -0.680125
-107374176.000000 -107374176.000000 -107374176.000000
0.223067 0.707550
-0.147765 0.493405 -0.631237
-107374176.000000 -107374176.000000 -107374176.000000
0.320139 0.782464
0.261392 0.811094 -0.483657
-107374176.000000 -107374176.000000 -107374176.000000
0.336941 0.655610
-0.147765 0.493405 -0.631237
-107374176.000000 -107374176.000000 -107374176.000000
0.659659 0.507416
-0.266149 0.816299 -0.258414
-107374176.000000 -107374176.000000 -107374176.000000
0.557917 0.554577
0.261392 0.811094 -0.483657
-107374176.000000 -107374176.000000 -107374176.000000
0.629563 0.622024
0.948490 -0.308439 -0.000189
-107374176.000000 -107374176.000000 -107374176.000000
0.005354 0.582780
0.902313 0.190470 0.032723
-107374176.000000 -107374176.000000 -107374176.000000
0.077079 0.533615
0.857002 -0.011950 0.430880
-107374176.000000 -107374176.000000 -107374176.000000
0.000000 0.466584
0.948490 -0.308439 -0.000189
-107374176.000000 -107374176.000000 -107374176.000000
0.005354 0.582780
0.761083 -0.002980 -0.423106
-107374176.000000 -107374176.000000 -107374176.000000
0.131751 0.619248
0.902313 0.190470 0.032723
-107374176.000000 -107374176.000000 -107374176.000000
0.077079 0.533615
0.761083 -0.002980 -0.423106
-107374176.000000 -107374176.000000 -107374176.000000
0.131751 0.619248
0.606233 0.448203 -0.336724
-107374176.000000 -107374176.000000 -107374176.000000
0.204107 0.550440
0.902313 0.190470 0.032723
-107374176.000000 -107374176.000000 -107374176.000000
0.077079 0.533615
-0.000040 -1.000468 -0.000050
-107374176.000000 -107374176.000000 -107374176.000000
0.377741 0.805934
0.578120 -0.752497 0.042553
-107374176.000000 -107374176.000000 -107374176.000000
0.492039 0.889915
0.236178 -0.835319 0.362356
-107374176.000000 -107374176.000000 -107374176.000000
0.477209 0.778013
-0.000040 -1.000468 -0.000050
-107374176.000000 -107374176.000000 -107374176.000000
0.377741 0.805934
0.260267 -0.804992 -0.518807
-107374176.000000 -107374176.000000 -107374176.000000
0.377928 0.947351
0.578120 -0.752497 0.042553
-107374176.000000 -107374176.000000 -107374176.000000
0.492039 0.889915
0.260267 -0.804992 -0.518807
-107374176.000000 -107374176.000000 -107374176.000000
0.377928 0.947351
0.697827 -0.510006 -0.407667
-107374176.000000 -107374176.000000 -107374176.000000
0.492176 1.000000
0.578120 -0.752497 0.042553
-107374176.000000 -107374176.000000 -107374176.000000
0.492039 0.889915
-0.925418 -0.266665 0.059847
-107374176.000000 -107374176.000000 -107374176.000000
0.926366 0.890136
-0.587786 -0.809017 0.000000
-107374176.000000 -107374176.000000 -107374176.000000
0.827790 0.826848
-0.728067 -0.526352 0.455606
-107374176.000000 -107374176.000000 -107374176.000000
0.825430 0.945827
-0.925418 -0.266665 0.059847
-107374176.000000 -107374176.000000 -107374176.000000
0.926366 0.890136
-0.687261 -0.499062 -0.523824
-107374176.000000 -107374176.000000 -107374176.000000
0.926682 0.734956
-0.587786 -0.809017 0.000000
-107374176.000000 -107374176.000000 -107374176.000000
0.827790 0.826848
-0.687261 -0.499062 -0.523824
-107374176.000000 -107374176.000000 -107374176.000000
0.926682 0.734956
-0.276388 -0.850649 -0.447220
-107374176.000000 -107374176.000000 -107374176.000000
0.811689 0.697845
-0.587786 -0.809017 0.000000
-107374176.000000 -107374176.000000 -107374176.000000
0.827790 0.826848
-0.585293 0.811072 0.013386
-107374176.000000 -107374176.000000 -107374176.000000
0.483178 0.510913
-0.887441 0.414086 0.148492
-107374176.000000 -107374176.000000 -107374176.000000
0.453612 0.391337
-0.720556 0.530766 0.454343
-107374176.000000 -107374176.000000 -107374176.000000
0.384360 0.433360
-0.585293 0.811072 0.013386
-107374176.000000 -107374176.000000 -107374176.000000
0.483178 0.510913
-0.664861 0.540762 -0.402195
-107374176.000000 -107374176.000000 -107374176.000000
0.586140 0.449779
-0.887441 0.414086 0.148492
-107374176.000000 -107374176.000000 -107374176.000000
0.453612 0.391337
-0.664861 0.540762 -0.402195
-107374176.000000 -107374176.000000 -107374176.000000
0.586140 0.449779
-0.843376 0.084293 -0.328067
-107374176.000000 -107374176.000000 -107374176.000000
0.577157 0.334297
-0.887441 0.414086 0.148492
-107374176.000000 -107374176.000000 -107374176.000000
0.453612 0.391337
0.526814 0.710973 0.012268
-107374176.000000 -107374176.000000 -107374176.000000
0.203686 0.454032
0.014043 1.008187 -0.011882
-107374176.000000 -107374176.000000 -107374176.000000
0.318019 0.375574
0.217305 0.850241 0.318695
-107374176.000000 -107374176.000000 -107374176.000000
0.222888 0.347760
0.526814 0.710973 0.012268
-107374176.000000 -107374176.000000 -107374176.000000
0.203686 0.454032
0.261392 0.811094 -0.483657
-107374176.000000 -107374176.000000 -107374176.000000
0.321859 0.510687
0.014043 1.008187 -0.011882
-107374176.000000 -107374176.000000 -107374176.000000
0.318019 0.375574
0.261392 0.811094 -0.483657
-107374176.000000 -107374176.000000 -107374176.000000
0.629563 0.622024
-0.266149 0.816299 -0.258414
-107374176.000000 -107374176.000000 -107374176.000000
0.557917 0.554577
0.014043 1.008187 -0.011882
-107374176.000000 -107374176.000000 -107374176.000000
0.504148 0.626617
0.578120 -0.752497 0.042553
-107374176.000000 -107374176.000000 -107374176.000000
0.492039 0.889915
0.717155 -0.417824 0.360856
-107374176.000000 -107374176.000000 -107374176.000000
0.603514 0.862354
0.236178 -0.835319 0.362356
-107374176.000000 -107374176.000000 -107374176.000000
0.477209 0.778013
0.578120 -0.752497 0.042553
-107374176.000000 -107374176.000000 -107374176.000000
0.492039 0.889915
0.948490 -0.308439 -0.000189
-107374176.000000 -107374176.000000 -107374176.000000
0.604964 0.967030
0.717155 -0.417824 0.360856
-107374176.000000 -107374176.000000 -107374176.000000
0.603514 0.862354
0.948490 -0.308439 -0.000189
-107374176.000000 -107374176.000000 -107374176.000000
0.604964 0.967030
0.857002 -0.011950 0.430880
-107374176.000000 -107374176.000000 -107374176.000000
0.696915 0.883894
0.717155 -0.417824 0.360856
-107374176.000000 -107374176.000000 -107374176.000000
0.603514 0.862354
-0.587786 -0.809017 0.000000
-107374176.000000 -107374176.000000 -107374176.000000
0.827790 0.826848
-0.362988 -0.823800 0.713813
-107374176.000000 -107374176.000000 -107374176.000000
0.703415 0.953488
-0.728067 -0.526352 0.455606
-107374176.000000 -107374176.000000 -107374176.000000
0.825430 0.945827
-0.587786 -0.809017 0.000000
-107374176.000000 -107374176.000000 -107374176.000000
0.827790 0.826848
-0.000040 -1.000468 -0.000050
-107374176.000000 -107374176.000000 -107374176.000000
0.696915 0.758932
-0.362988 -0.823800 0.713813
-107374176.000000 -107374176.000000 -107374176.000000
0.703415 0.953488
-0.000040 -1.000468 -0.000050
-107374176.000000 -107374176.000000 -107374176.000000
0.377741 0.805934
0.236178 -0.835319 0.362356
-107374176.000000 -107374176.000000 -107374176.000000
0.477209 0.778013
-0.362988 -0.823800 0.713813
-107374176.000000 -107374176.000000 -107374176.000000
0.452294 0.626617
-0.887441 0.414086 0.148492
-107374176.000000 -107374176.000000 -107374176.000000
0.453612 0.391337
-0.846383 0.007044 0.535690
-107374176.000000 -107374176.000000 -107374176.000000
0.377741 0.310861
-0.720556 0.530766 0.454343
-107374176.000000 -107374176.000000 -107374176.000000
0.384360 0.433360
-0.887441 0.414086 0.148492
-107374176.000000 -107374176.000000 -107374176.000000
0.453612 0.391337
-0.925418 -0.266665 0.059847
-107374176.000000 -107374176.000000 -107374176.000000
0.494911 0.249626
-0.846383 0.007044 0.535690
-107374176.000000 -107374176.000000 -107374176.000000
0.377741 0.310861
-0.925418 -0.266665 0.059847
-107374176.000000 -107374176.000000 -107374176.000000
0.999839 0.595715
-0.728067 -0.526352 0.455606
-107374176.000000 -107374176.000000 -107374176.000000
0.998730 0.493878
-0.846383 0.007044 0.535690
-107374176.000000 -107374176.000000 -107374176.000000
0.897281 0.576777
0.014043 1.008187 -0.011882
-107374176.000000 -107374176.000000 -107374176.000000
0.318019 0.375574
-0.264723 0.814647 0.512722
-107374176.000000 -107374176.000000 -107374176.000000
0.256335 0.255773
0.217305 0.850241 0.318695
-107374176.000000 -107374176.000000 -107374176.000000
0.222888 0.347760
0.014043 1.008187 -0.011882
-107374176.000000 -107374176.000000 -107374176.000000
0.504148 0.626617
-0.585293 0.811072 0.013386
-107374176.000000 -107374176.000000 -107374176.000000
0.483178 0.510913
-0.264723 0.814647 0.512722
-107374176.000000 -107374176.000000 -107374176.000000
0.377862 0.547787
-0.585293 0.811072 0.013386
-107374176.000000 -107374176.000000 -107374176.000000
0.483178 0.510913
-0.720556 0.530766 0.454343
-107374176.000000 -107374176.000000 -107374176.000000
0.384360 0.433360
-0.264723 0.814647 0.512722
-107374176.000000 -107374176.000000 -107374176.000000
0.377862 0.547787
0.902313 0.190470 0.032723
-107374176.000000 -107374176.000000 -107374176.000000
0.077079 0.533615
0.608673 0.401627 0.424757
-107374176.000000 -107374176.000000 -107374176.000000
0.092443 0.407335
0.857002 -0.011950 0.430880
-107374176.000000 -107374176.000000 -107374176.000000
0.000000 0.466584
0.902313 0.190470 0.032723
-107374176.000000 -107374176.000000 -107374176.000000
0.077079 0.533615
0.526814 0.710973 0.012268
-107374176.000000 -107374176.000000 -107374176.000000
0.203686 0.454032
0.608673 0.401627 0.424757
-107374176.000000 -107374176.000000 -107374176.000000
0.092443 0.407335
0.526814 0.710973 0.012268
-107374176.000000 -107374176.000000 -107374176.000000
0.203686 0.454032
0.217305 0.850241 0.318695
-107374176.000000 -107374176.000000 -107374176.000000
0.222888 0.347760
0.608673 0.401627 0.424757
-107374176.000000 -107374176.000000 -107374176.000000
0.092443 0.407335
0.150666 -0.509473 0.820395
-107374176.000000 -107374176.000000 -107374176.000000
0.578100 0.691744
0.427001 -0.002818 0.675509
-107374176.000000 -107374176.000000 -107374176.000000
0.678256 0.776695
-0.002894 -0.000260 0.989448
-107374176.000000 -107374176.000000 -107374176.000000
0.666930 0.656313
0.150666 -0.509473 0.820395
-107374176.000000 -107374176.000000 -107374176.000000
0.578100 0.691744
0.717155 -0.417824 0.360856
-107374176.000000 -107374176.000000 -107374176.000000
0.603514 0.862354
0.427001 -0.002818 0.675509
-107374176.000000 -107374176.000000 -107374176.000000
0.678256 0.776695
0.717155 -0.417824 0.360856
-107374176.000000 -107374176.000000 -107374176.000000
0.603514 0.862354
0.857002 -0.011950 0.430880
-107374176.000000 -107374176.000000 -107374176.000000
0.696915 0.883894
0.427001 -0.002818 0.675509
-107374176.000000 -107374176.000000 -107374176.000000
0.678256 0.776695
-0.427162 -0.309270 0.854112
-107374176.000000 -107374176.000000 -107374176.000000
0.891854 0.433140
0.150666 -0.509473 0.820395
-107374176.000000 -107374176.000000 -107374176.000000
0.877034 0.303835
-0.002894 -0.000260 0.989448
-107374176.000000 -107374176.000000 -107374176.000000
0.776446 0.382875
-0.427162 -0.309270 0.854112
-107374176.000000 -107374176.000000 -107374176.000000
0.891854 0.433140
-0.362988 -0.823800 0.713813
-107374176.000000 -107374176.000000 -107374176.000000
1.000000 0.367571
0.150666 -0.509473 0.820395
-107374176.000000 -107374176.000000 -107374176.000000
0.877034 0.303835
-0.362988 -0.823800 0.713813
-107374176.000000 -107374176.000000 -107374176.000000
0.452294 0.626617
0.236178 -0.835319 0.362356
-107374176.000000 -107374176.000000 -107374176.000000
0.477209 0.778013
0.150666 -0.509473 0.820395
-107374176.000000 -107374176.000000 -107374176.000000
0.578100 0.691744
-0.425323 0.309013 0.850657
-107374176.000000 -107374176.000000 -107374176.000000
0.768493 0.511471
-0.427162 -0.309270 0.854112
-107374176.000000 -107374176.000000 -107374176.000000
0.891854 0.433140
-0.002894 -0.000260 0.989448
-107374176.000000 -107374176.000000 -107374176.000000
0.776446 0.382875
-0.425323 0.309013 0.850657
-107374176.000000 -107374176.000000 -107374176.000000
0.768493 0.511471
-0.846383 0.007044 0.535690
-107374176.000000 -107374176.000000 -107374176.000000
0.897281 0.576777
-0.427162 -0.309270 0.854112
-107374176.000000 -107374176.000000 -107374176.000000
0.891854 0.433140
-0.846383 0.007044 0.535690
-107374176.000000 -107374176.000000 -107374176.000000
0.897281 0.576777
-0.728067 -0.526352 0.455606
-107374176.000000 -107374176.000000 -107374176.000000
0.998730 0.493878
-0.427162 -0.309270 0.854112
-107374176.000000 -107374176.000000 -107374176.000000
0.891854 0.433140
0.121396 0.412214 0.731135
-107374176.000000 -107374176.000000 -107374176.000000
0.703404 0.433416
-0.425323 0.309013 0.850657
-107374176.000000 -107374176.000000 -107374176.000000
0.768493 0.511471
-0.002894 -0.000260 0.989448
-107374176.000000 -107374176.000000 -107374176.000000
0.776446 0.382875
0.121396 0.412214 0.731135
-107374176.000000 -107374176.000000 -107374176.000000
0.703404 0.433416
-0.264723 0.814647 0.512722
-107374176.000000 -107374176.000000 -107374176.000000
0.679921 0.573653
-0.425323 0.309013 0.850657
-107374176.000000 -107374176.000000 -107374176.000000
0.768493 0.511471
-0.264723 0.814647 0.512722
-107374176.000000 -107374176.000000 -107374176.000000
0.679921 0.573653
-0.720556 0.530766 0.454343
-107374176.000000 -107374176.000000 -107374176.000000
0.786987 0.626617
-0.425323 0.309013 0.850657
-107374176.000000 -107374176.000000 -107374176.000000
0.768493 0.511471
0.427001 -0.002818 0.675509
-107374176.000000 -107374176.000000 -107374176.000000
0.025728 0.367666
0.121396 0.412214 0.731135
-107374176.000000 -107374176.000000 -107374176.000000
0.117618 0.289598
-0.002894 -0.000260 0.989448
-107374176.000000 -107374176.000000 -107374176.000000
0.040980 0.255884
0.427001 -0.002818 0.675509
-107374176.000000 -107374176.000000 -107374176.000000
0.025728 0.367666
0.608673 0.401627 0.424757
-107374176.000000 -107374176.000000 -107374176.000000
0.092443 0.407335
0.121396 0.412214 0.731135
-107374176.000000 -107374176.000000 -107374176.000000
0.117618 0.289598
0.608673 0.401627 0.424757
-107374176.000000 -107374176.000000 -107374176.000000
0.092443 0.407335
0.217305 0.850241 0.318695
-107374176.000000 -107374176.000000 -107374176.000000
0.222888 0.347760
0.121396 0.412214 0.731135
-107374176.000000 -107374176.000000 -107374176.000000
0.117618 0.289598
0.948490 0.989448 1.008187
-0.925418 -0.781047 -1.000468
