192
-5808.024414 6115.157227 411.380615
-107374176.000000 -107374176.000000 -107374176.000000
1.000000 1.000000
-5777.689453 6141.231445 511.063721
-107374176.000000 -107374176.000000 -107374176.000000
0.500000 1.000000
-5678.486328 6090.493164 482.869873
-107374176.000000 -107374176.000000 -107374176.000000
1.000000 0.500000
-5777.689453 6141.231445 511.063721
-107374176.000000 -107374176.000000 -107374176.000000
0.500000 1.000000
-5678.708008 6125.749023 524.653076
-107374176.000000 -107374176.000000 -107374176.000000
0.500000 0.500000
-5678.486328 6090.493164 482.869873
-107374176.000000 -107374176.000000 -107374176.000000
1.000000 0.500000
-5711.179688 5860.154785 506.327393
-107374176.000000 -107374176.000000 -107374176.000000
0.500000 0.500000
-5820.158203 5929.591797 363.646729
-107374176.000000 -107374176.000000 -107374176.000000
0.000000 1.000000
-5692.803711 5909.669922 381.131104
-107374176.000000 -107374176.000000 -107374176.000000
0.000000 0.500000
-5820.158203 5929.591797 363.646729
-107374176.000000 -107374176.000000 -107374176.000000
0.000000 1.000000
-5711.179688 5860.154785 506.327393
-107374176.000000 -107374176.000000 -107374176.000000
0.500000 0.500000
-5838.534180 5922.001953 488.843018
-107374176.000000 -107374176.000000 -107374176.000000
0.500000 1.000000
-5820.266602 6067.679688 345.705811
-107374176.000000 -107374176.000000 -107374176.000000
0.000000 0.750000
-5891.750977 6102.693359 491.986084
-107374176.000000 -107374176.000000 -107374176.000000
0.500000 0.750000
-5808.024414 6115.157227 411.380615
-107374176.000000 -107374176.000000 -107374176.000000
0.000000 1.000000
-5891.750977 6102.693359 491.986084
-107374176.000000 -107374176.000000 -107374176.000000
0.500000 0.750000
-5777.689453 6141.231445 511.063721
-107374176.000000 -107374176.000000 -107374176.000000
0.500000 1.000000
-5808.024414 6115.157227 411.380615
-107374176.000000 -107374176.000000 -107374176.000000
0.000000 1.000000
-5788.536621 6136.751953 584.966064
-107374176.000000 -107374176.000000 -107374176.000000
0.000000 1.000000
-5714.024414 6025.844727 668.062256
-107374176.000000 -107374176.000000 -107374176.000000
0.500000 0.750000
-5689.554688 6121.268555 598.555908
-107374176.000000 -107374176.000000 -107374176.000000
0.500000 1.000000
-5714.024414 6025.844727 668.062256
-107374176.000000 -107374176.000000 -107374176.000000
0.500000 0.750000
-5788.536621 6136.751953 584.966064
-107374176.000000 -107374176.000000 -107374176.000000
0.000000 1.000000
-5861.569336 6055.608398 613.100769
-107374176.000000 -107374176.000000 -107374176.000000
0.000000 0.750000
-5568.051758 6102.261719 615.236572
-107374176.000000 -107374176.000000 -107374176.000000
0.000000 1.000000
-5534.414063 6045.238281 540.950439
-107374176.000000 -107374176.000000 -107374176.000000
0.500000 0.750000
-5557.205078 6106.742188 541.333740
-107374176.000000 -107374176.000000 -107374176.000000
0.500000 1.000000
-5534.414063 6045.238281 540.950439
-107374176.000000 -107374176.000000 -107374176.000000
0.500000 0.750000
-5568.051758 6102.261719 615.236572
-107374176.000000 -107374176.000000 -107374176.000000
0.000000 1.000000
-5549.318359 6039.082031 642.494873
-107374176.000000 -107374176.000000 -107374176.000000
0.000000 0.750000
-5537.425781 6017.713867 454.373291
-107374176.000000 -107374176.000000 -107374176.000000
0.000000 0.750000
-5678.486328 6090.493164 482.869873
-107374176.000000 -107374176.000000 -107374176.000000
0.500000 1.000000
-5559.303711 6070.528320 515.362061
-107374176.000000 -107374176.000000 -107374176.000000
0.000000 1.000000
-5678.486328 6090.493164 482.869873
-107374176.000000 -107374176.000000 -107374176.000000
0.500000 1.000000
-5537.425781 6017.713867 454.373291
-107374176.000000 -107374176.000000 -107374176.000000
0.000000 0.750000
-5677.470703 6040.942383 419.016357
-107374176.000000 -107374176.000000 -107374176.000000
0.500000 0.750000
-5689.554688 6121.268555 598.555908
-107374176.000000 -107374176.000000 -107374176.000000
0.000000 0.500000
-5568.051758 6102.261719 615.236572
-107374176.000000 -107374176.000000 -107374176.000000
0.000000 0.000000
-5678.708008 6125.749023 524.653076
-107374176.000000 -107374176.000000 -107374176.000000
0.500000 0.500000
-5568.051758 6102.261719 615.236572
-107374176.000000 -107374176.000000 -107374176.000000
0.000000 0.000000
-5557.205078 6106.742188 541.333740
-107374176.000000 -107374176.000000 -107374176.000000
0.500000 0.000000
-5678.708008 6125.749023 524.653076
-107374176.000000 -107374176.000000 -107374176.000000
0.500000 0.500000
-5711.179688 5860.154785 506.327393
-107374176.000000 -107374176.000000 -107374176.000000
0.500000 0.500000
-5610.526367 5896.799805 392.427002
-107374176.000000 -107374176.000000 -107374176.000000
0.000000 0.000000
-5576.018066 5940.481445 512.077393
-107374176.000000 -107374176.000000 -107374176.000000
0.500000 0.000000
-5610.526367 5896.799805 392.427002
-107374176.000000 -107374176.000000 -107374176.000000
0.000000 0.000000
-5711.179688 5860.154785 506.327393
-107374176.000000 -107374176.000000 -107374176.000000
0.500000 0.500000
-5692.803711 5909.669922 381.131104
-107374176.000000 -107374176.000000 -107374176.000000
0.000000 0.500000
-5547.445801 5970.631836 622.203491
-107374176.000000 -107374176.000000 -107374176.000000
1.000000 0.500000
-5727.200195 5935.084961 660.626221
-107374176.000000 -107374176.000000 -107374176.000000
0.500000 0.500000
-5591.732422 5933.992188 619.141235
-107374176.000000 -107374176.000000 -107374176.000000
1.000000 0.000000
-5591.732422 5933.992188 619.141235
-107374176.000000 -107374176.000000 -107374176.000000
1.000000 0.000000
-5727.200195 5935.084961 660.626221
-107374176.000000 -107374176.000000 -107374176.000000
0.500000 0.500000
-5726.894531 5895.588867 613.391357
-107374176.000000 -107374176.000000 -107374176.000000
0.500000 0.000000
-5829.797852 5976.350586 338.770752
-107374176.000000 -107374176.000000 -107374176.000000
1.000000 0.500000
-5682.919922 5953.375000 358.935303
-107374176.000000 -107374176.000000 -107374176.000000
0.500000 0.500000
-5820.158203 5929.591797 363.646729
-107374176.000000 -107374176.000000 -107374176.000000
1.000000 0.000000
-5820.158203 5929.591797 363.646729
-107374176.000000 -107374176.000000 -107374176.000000
1.000000 0.000000
-5682.919922 5953.375000 358.935303
-107374176.000000 -107374176.000000 -107374176.000000
0.500000 0.500000
-5692.803711 5909.669922 381.131104
-107374176.000000 -107374176.000000 -107374176.000000
0.500000 0.000000
-5689.554688 6121.268555 598.555908
-107374176.000000 -107374176.000000 -107374176.000000
0.000000 0.500000
-5777.689453 6141.231445 511.063721
-107374176.000000 -107374176.000000 -107374176.000000
0.500000 1.000000
-5788.536621 6136.751953 584.966064
-107374176.000000 -107374176.000000 -107374176.000000
0.000000 1.000000
-5777.689453 6141.231445 511.063721
-107374176.000000 -107374176.000000 -107374176.000000
0.500000 1.000000
-5689.554688 6121.268555 598.555908
-107374176.000000 -107374176.000000 -107374176.000000
0.000000 0.500000
-5678.708008 6125.749023 524.653076
-107374176.000000 -107374176.000000 -107374176.000000
0.500000 0.500000
-5838.534180 5922.001953 488.843018
-107374176.000000 -107374176.000000 -107374176.000000
0.500000 1.000000
-5726.894531 5895.588867 613.391357
-107374176.000000 -107374176.000000 -107374176.000000
1.000000 0.500000
-5854.248047 5915.510742 595.907471
-107374176.000000 -107374176.000000 -107374176.000000
1.000000 1.000000
-5726.894531 5895.588867 613.391357
-107374176.000000 -107374176.000000 -107374176.000000
1.000000 0.500000
-5838.534180 5922.001953 488.843018
-107374176.000000 -107374176.000000 -107374176.000000
0.500000 1.000000
-5711.179688 5860.154785 506.327393
-107374176.000000 -107374176.000000 -107374176.000000
0.500000 0.500000
-5855.299805 5986.906250 609.856628
-107374176.000000 -107374176.000000 -107374176.000000
1.000000 0.500000
-5910.100586 5976.303711 481.630615
-107374176.000000 -107374176.000000 -107374176.000000
0.500000 0.500000
-5854.248047 5915.510742 595.907471
-107374176.000000 -107374176.000000 -107374176.000000
1.000000 0.000000
-5854.248047 5915.510742 595.907471
-107374176.000000 -107374176.000000 -107374176.000000
1.000000 0.000000
-5910.100586 5976.303711 481.630615
-107374176.000000 -107374176.000000 -107374176.000000
0.500000 0.500000
-5838.534180 5922.001953 488.843018
-107374176.000000 -107374176.000000 -107374176.000000
0.500000 0.000000
-5563.351563 5934.670898 375.350830
-107374176.000000 -107374176.000000 -107374176.000000
1.000000 0.500000
-5576.018066 5940.481445 512.077393
-107374176.000000 -107374176.000000 -107374176.000000
0.500000 0.000000
-5610.526367 5896.799805 392.427002
-107374176.000000 -107374176.000000 -107374176.000000
1.000000 0.000000
-5576.018066 5940.481445 512.077393
-107374176.000000 -107374176.000000 -107374176.000000
0.500000 0.000000
-5563.351563 5934.670898 375.350830
-107374176.000000 -107374176.000000 -107374176.000000
1.000000 0.500000
-5532.541504 5976.788574 520.659363
-107374176.000000 -107374176.000000 -107374176.000000
0.500000 0.500000
-5678.486328 6090.493164 482.869873
-107374176.000000 -107374176.000000 -107374176.000000
1.000000 0.500000
-5557.205078 6106.742188 541.333740
-107374176.000000 -107374176.000000 -107374176.000000
0.500000 0.000000
-5559.303711 6070.528320 515.362061
-107374176.000000 -107374176.000000 -107374176.000000
1.000000 0.000000
-5557.205078 6106.742188 541.333740
-107374176.000000 -107374176.000000 -107374176.000000
0.500000 0.000000
-5678.486328 6090.493164 482.869873
-107374176.000000 -107374176.000000 -107374176.000000
1.000000 0.500000
-5678.708008 6125.749023 524.653076
-107374176.000000 -107374176.000000 -107374176.000000
0.500000 0.500000
-5711.179688 5860.154785 506.327393
-107374176.000000 -107374176.000000 -107374176.000000
0.500000 0.500000
-5591.732422 5933.992188 619.141235
-107374176.000000 -107374176.000000 -107374176.000000
1.000000 0.000000
-5726.894531 5895.588867 613.391357
-107374176.000000 -107374176.000000 -107374176.000000
1.000000 0.500000
-5591.732422 5933.992188 619.141235
-107374176.000000 -107374176.000000 -107374176.000000
1.000000 0.000000
-5711.179688 5860.154785 506.327393
-107374176.000000 -107374176.000000 -107374176.000000
0.500000 0.500000
-5576.018066 5940.481445 512.077393
-107374176.000000 -107374176.000000 -107374176.000000
0.500000 0.000000
-5910.100586 5976.303711 481.630615
-107374176.000000 -107374176.000000 -107374176.000000
0.500000 0.500000
-5820.158203 5929.591797 363.646729
-107374176.000000 -107374176.000000 -107374176.000000
0.000000 0.000000
-5838.534180 5922.001953 488.843018
-107374176.000000 -107374176.000000 -107374176.000000
0.500000 0.000000
-5910.100586 5976.303711 481.630615
-107374176.000000 -107374176.000000 -107374176.000000
0.500000 0.500000
-5829.797852 5976.350586 338.770752
-107374176.000000 -107374176.000000 -107374176.000000
0.000000 0.500000
-5820.158203 5929.591797 363.646729
-107374176.000000 -107374176.000000 -107374176.000000
0.000000 0.000000
-5727.200195 5935.084961 660.626221
-107374176.000000 -107374176.000000 -107374176.000000
0.500000 0.500000
-5855.299805 5986.906250 609.856628
-107374176.000000 -107374176.000000 -107374176.000000
0.000000 0.500000
-5854.248047 5915.510742 595.907471
-107374176.000000 -107374176.000000 -107374176.000000
0.000000 0.000000
-5727.200195 5935.084961 660.626221
-107374176.000000 -107374176.000000 -107374176.000000
0.500000 0.500000
-5854.248047 5915.510742 595.907471
-107374176.000000 -107374176.000000 -107374176.000000
0.000000 0.000000
-5726.894531 5895.588867 613.391357
-107374176.000000 -107374176.000000 -107374176.000000
0.500000 0.000000
-5576.018066 5940.481445 512.077393
-107374176.000000 -107374176.000000 -107374176.000000
0.500000 0.000000
-5547.445801 5970.631836 622.203491
-107374176.000000 -107374176.000000 -107374176.000000
0.000000 0.500000
-5591.732422 5933.992188 619.141235
-107374176.000000 -107374176.000000 -107374176.000000
0.000000 0.000000
-5547.445801 5970.631836 622.203491
-107374176.000000 -107374176.000000 -107374176.000000
0.000000 0.500000
-5576.018066 5940.481445 512.077393
-107374176.000000 -107374176.000000 -107374176.000000
0.500000 0.000000
-5532.541504 5976.788574 520.659363
-107374176.000000 -107374176.000000 -107374176.000000
0.500000 0.500000
-5682.919922 5953.375000 358.935303
-107374176.000000 -107374176.000000 -107374176.000000
0.500000 0.500000
-5610.526367 5896.799805 392.427002
-107374176.000000 -107374176.000000 -107374176.000000
0.000000 0.000000
-5692.803711 5909.669922 381.131104
-107374176.000000 -107374176.000000 -107374176.000000
0.500000 0.000000
-5610.526367 5896.799805 392.427002
-107374176.000000 -107374176.000000 -107374176.000000
0.000000 0.000000
-5682.919922 5953.375000 358.935303
-107374176.000000 -107374176.000000 -107374176.000000
0.500000 0.500000
-5563.351563 5934.670898 375.350830
-107374176.000000 -107374176.000000 -107374176.000000
0.000000 0.500000
-5714.024414 6025.844727 668.062256
-107374176.000000 -107374176.000000 -107374176.000000
0.500000 0.750000
-5547.445801 5970.631836 622.203491
-107374176.000000 -107374176.000000 -107374176.000000
1.000000 0.500000
-5549.318359 6039.082031 642.494873
-107374176.000000 -107374176.000000 -107374176.000000
1.000000 0.750000
-5547.445801 5970.631836 622.203491
-107374176.000000 -107374176.000000 -107374176.000000
1.000000 0.500000
-5714.024414 6025.844727 668.062256
-107374176.000000 -107374176.000000 -107374176.000000
0.500000 0.750000
-5727.200195 5935.084961 660.626221
-107374176.000000 -107374176.000000 -107374176.000000
0.500000 0.500000
-5829.797852 5976.350586 338.770752
-107374176.000000 -107374176.000000 -107374176.000000
1.000000 0.500000
-5677.470703 6040.942383 419.016357
-107374176.000000 -107374176.000000 -107374176.000000
0.500000 0.750000
-5682.919922 5953.375000 358.935303
-107374176.000000 -107374176.000000 -107374176.000000
0.500000 0.500000
-5677.470703 6040.942383 419.016357
-107374176.000000 -107374176.000000 -107374176.000000
0.500000 0.750000
-5829.797852 5976.350586 338.770752
-107374176.000000 -107374176.000000 -107374176.000000
1.000000 0.500000
-5820.266602 6067.679688 345.705811
-107374176.000000 -107374176.000000 -107374176.000000
1.000000 0.750000
-5910.100586 5976.303711 481.630615
-107374176.000000 -107374176.000000 -107374176.000000
0.500000 0.500000
-5855.299805 5986.906250 609.856628
-107374176.000000 -107374176.000000 -107374176.000000
1.000000 0.500000
-5861.569336 6055.608398 613.100769
-107374176.000000 -107374176.000000 -107374176.000000
1.000000 0.750000
-5861.569336 6055.608398 613.100769
-107374176.000000 -107374176.000000 -107374176.000000
1.000000 0.750000
-5891.750977 6102.693359 491.986084
-107374176.000000 -107374176.000000 -107374176.000000
0.500000 0.750000
-5910.100586 5976.303711 481.630615
-107374176.000000 -107374176.000000 -107374176.000000
0.500000 0.500000
-5532.541504 5976.788574 520.659363
-107374176.000000 -107374176.000000 -107374176.000000
0.500000 0.500000
-5537.425781 6017.713867 454.373291
-107374176.000000 -107374176.000000 -107374176.000000
1.000000 0.750000
-5534.414063 6045.238281 540.950439
-107374176.000000 -107374176.000000 -107374176.000000
0.500000 0.750000
-5532.541504 5976.788574 520.659363
-107374176.000000 -107374176.000000 -107374176.000000
0.500000 0.500000
-5563.351563 5934.670898 375.350830
-107374176.000000 -107374176.000000 -107374176.000000
1.000000 0.500000
-5537.425781 6017.713867 454.373291
-107374176.000000 -107374176.000000 -107374176.000000
1.000000 0.750000
-5910.100586 5976.303711 481.630615
-107374176.000000 -107374176.000000 -107374176.000000
0.500000 0.500000
-5820.266602 6067.679688 345.705811
-107374176.000000 -107374176.000000 -107374176.000000
0.000000 0.750000
-5829.797852 5976.350586 338.770752
-107374176.000000 -107374176.000000 -107374176.000000
0.000000 0.500000
-5820.266602 6067.679688 345.705811
-107374176.000000 -107374176.000000 -107374176.000000
0.000000 0.750000
-5910.100586 5976.303711 481.630615
-107374176.000000 -107374176.000000 -107374176.000000
0.500000 0.500000
-5891.750977 6102.693359 491.986084
-107374176.000000 -107374176.000000 -107374176.000000
0.500000 0.750000
-5714.024414 6025.844727 668.062256
-107374176.000000 -107374176.000000 -107374176.000000
0.500000 0.750000
-5861.569336 6055.608398 613.100769
-107374176.000000 -107374176.000000 -107374176.000000
0.000000 0.750000
-5855.299805 5986.906250 609.856628
-107374176.000000 -107374176.000000 -107374176.000000
0.000000 0.500000
-5714.024414 6025.844727 668.062256
-107374176.000000 -107374176.000000 -107374176.000000
0.500000 0.750000
-5855.299805 5986.906250 609.856628
-107374176.000000 -107374176.000000 -107374176.000000
0.000000 0.500000
-5727.200195 5935.084961 660.626221
-107374176.000000 -107374176.000000 -107374176.000000
0.500000 0.500000
-5549.318359 6039.082031 642.494873
-107374176.000000 -107374176.000000 -107374176.000000
0.000000 0.750000
-5547.445801 5970.631836 622.203491
-107374176.000000 -107374176.000000 -107374176.000000
0.000000 0.500000
-5534.414063 6045.238281 540.950439
-107374176.000000 -107374176.000000 -107374176.000000
0.500000 0.750000
-5547.445801 5970.631836 622.203491
-107374176.000000 -107374176.000000 -107374176.000000
0.000000 0.500000
-5532.541504 5976.788574 520.659363
-107374176.000000 -107374176.000000 -107374176.000000
0.500000 0.500000
-5534.414063 6045.238281 540.950439
-107374176.000000 -107374176.000000 -107374176.000000
0.500000 0.750000
-5677.470703 6040.942383 419.016357
-107374176.000000 -107374176.000000 -107374176.000000
0.500000 0.750000
-5563.351563 5934.670898 375.350830
-107374176.000000 -107374176.000000 -107374176.000000
0.000000 0.500000
-5682.919922 5953.375000 358.935303
-107374176.000000 -107374176.000000 -107374176.000000
0.500000 0.500000
-5563.351563 5934.670898 375.350830
-107374176.000000 -107374176.000000 -107374176.000000
0.000000 0.500000
-5677.470703 6040.942383 419.016357
-107374176.000000 -107374176.000000 -107374176.000000
0.500000 0.750000
-5537.425781 6017.713867 454.373291
-107374176.000000 -107374176.000000 -107374176.000000
0.000000 0.750000
-5568.051758 6102.261719 615.236572
-107374176.000000 -107374176.000000 -107374176.000000
1.000000 1.000000
-5689.554688 6121.268555 598.555908
-107374176.000000 -107374176.000000 -107374176.000000
0.500000 1.000000
-5714.024414 6025.844727 668.062256
-107374176.000000 -107374176.000000 -107374176.000000
0.500000 0.750000
-5568.051758 6102.261719 615.236572
-107374176.000000 -107374176.000000 -107374176.000000
1.000000 1.000000
-5714.024414 6025.844727 668.062256
-107374176.000000 -107374176.000000 -107374176.000000
0.500000 0.750000
-5549.318359 6039.082031 642.494873
-107374176.000000 -107374176.000000 -107374176.000000
1.000000 0.750000
-5677.470703 6040.942383 419.016357
-107374176.000000 -107374176.000000 -107374176.000000
0.500000 0.750000
-5820.266602 6067.679688 345.705811
-107374176.000000 -107374176.000000 -107374176.000000
1.000000 0.750000
-5808.024414 6115.157227 411.380615
-107374176.000000 -107374176.000000 -107374176.000000
1.000000 1.000000
-5808.024414 6115.157227 411.380615
-107374176.000000 -107374176.000000 -107374176.000000
1.000000 1.000000
-5678.486328 6090.493164 482.869873
-107374176.000000 -107374176.000000 -107374176.000000
0.500000 1.000000
-5677.470703 6040.942383 419.016357
-107374176.000000 -107374176.000000 -107374176.000000
0.500000 0.750000
-5788.536621 6136.751953 584.966064
-107374176.000000 -107374176.000000 -107374176.000000
1.000000 1.000000
-5777.689453 6141.231445 511.063721
-107374176.000000 -107374176.000000 -107374176.000000
0.500000 1.000000
-5891.750977 6102.693359 491.986084
-107374176.000000 -107374176.000000 -107374176.000000
0.500000 0.750000
-5788.536621 6136.751953 584.966064
-107374176.000000 -107374176.000000 -107374176.000000
1.000000 1.000000
-5891.750977 6102.693359 491.986084
-107374176.000000 -107374176.000000 -107374176.000000
0.500000 0.750000
-5861.569336 6055.608398 613.100769
-107374176.000000 -107374176.000000 -107374176.000000
1.000000 0.750000
-5557.205078 6106.742188 541.333740
-107374176.000000 -107374176.000000 -107374176.000000
0.500000 1.000000
-5534.414063 6045.238281 540.950439
-107374176.000000 -107374176.000000 -107374176.000000
0.500000 0.750000
-5559.303711 6070.528320 515.362061
-107374176.000000 -107374176.000000 -107374176.000000
1.000000 1.000000
-5534.414063 6045.238281 540.950439
-107374176.000000 -107374176.000000 -107374176.000000
0.500000 0.750000
-5537.425781 6017.713867 454.373291
-107374176.000000 -107374176.000000 -107374176.000000
1.000000 0.750000
-5559.303711 6070.528320 515.362061
-107374176.000000 -107374176.000000 -107374176.000000
1.000000 1.000000
