36
-1250.000000 150.000000 0.000000
-107374176.000000 -107374176.000000 -107374176.000000
1.000000 0.000000
1250.000000 150.000000 0.000000
-107374176.000000 -107374176.000000 -107374176.000000
0.000000 0.000000
-1250.000000 -150.000000 0.000000
-107374176.000000 -107374176.000000 -107374176.000000
1.000000 1.000000
1250.000000 -150.000000 0.000000
-107374176.000000 -107374176.000000 -107374176.000000
0.000000 1.000000
-1250.000000 -150.000000 0.000000
-107374176.000000 -107374176.000000 -107374176.000000
1.000000 1.000000
1250.000000 150.000000 0.000000
-107374176.000000 -107374176.000000 -107374176.000000
0.000000 0.000000
1250.000000 150.000000 1500.000000
-107374176.000000 -107374176.000000 -107374176.000000
1.000000 0.000000
-1250.000000 150.000000 1500.000000
-107374176.000000 -107374176.000000 -107374176.000000
0.000000 0.000000
-1250.000000 -150.000000 1500.000000
-107374176.000000 -107374176.000000 -107374176.000000
0.000000 1.000000
1250.000000 150.000000 1500.000000
-107374176.000000 -107374176.000000 -107374176.000000
1.000000 0.000000
-1250.000000 -150.000000 1500.000000
-107374176.000000 -107374176.000000 -107374176.000000
0.000000 1.000000
1250.000000 -150.000000 1500.000000
-107374176.000000 -107374176.000000 -107374176.000000
1.000000 1.000000
1250.000000 -150.000000 1500.000000
-107374176.000000 -107374176.000000 -107374176.000000
1.000000 0.000000
-1250.000000 -150.000000 1500.000000
-107374176.000000 -107374176.000000 -107374176.000000
0.000000 0.000000
-1250.000000 -150.000000 0.000000
-107374176.000000 -107374176.000000 -107374176.000000
0.000000 1.000000
1250.000000 -150.000000 1500.000000
-107374176.000000 -107374176.000000 -107374176.000000
1.000000 0.000000
-1250.000000 -150.000000 0.000000
-107374176.000000 -107374176.000000 -107374176.000000
0.000000 1.000000
1250.000000 -150.000000 0.000000
-107374176.000000 -107374176.000000 -107374176.000000
1.000000 1.000000
1250.000000 -150.000000 1500.000000
-107374176.000000 -107374176.000000 -107374176.000000
0.000000 0.000000
1250.000000 -150.000000 0.000000
-107374176.000000 -107374176.000000 -107374176.000000
0.000000 1.000000
1250.000000 150.000000 1500.000000
-107374176.000000 -107374176.000000 -107374176.000000
1.000000 0.000000
1250.000000 150.000000 1500.000000
-107374176.000000 -107374176.000000 -107374176.000000
1.000000 0.000000
1250.000000 -150.000000 0.000000
-107374176.000000 -107374176.000000 -107374176.000000
0.000000 1.000000
1250.000000 150.000000 0.000000
-107374176.000000 -107374176.000000 -107374176.000000
1.000000 1.000000
-1250.000000 150.000000 1500.000000
-107374176.000000 -107374176.000000 -107374176.000000
1.000000 0.000000
1250.000000 150.000000 1500.000000
-107374176.000000 -107374176.000000 -107374176.000000
0.000000 0.000000
1250.000000 150.000000 0.000000
-107374176.000000 -107374176.000000 -107374176.000000
0.000000 1.000000
-1250.000000 150.000000 1500.000000
-107374176.000000 -107374176.000000 -107374176.000000
1.000000 0.000000
1250.000000 150.000000 0.000000
-107374176.000000 -107374176.000000 -107374176.000000
0.000000 1.000000
-1250.000000 150.000000 0.000000
-107374176.000000 -107374176.000000 -107374176.000000
1.000000 1.000000
-1250.000000 150.000000 1500.000000
-107374176.000000 -107374176.000000 -107374176.000000
0.000000 0.000000
-1250.000000 150.000000 0.000000
-107374176.000000 -107374176.000000 -107374176.000000
0.000000 1.000000
-1250.000000 -150.000000 1500.000000
-107374176.000000 -107374176.000000 -107374176.000000
1.000000 0.000000
-1250.000000 -150.000000 1500.000000
-107374176.000000 -107374176.000000 -107374176.000000
1.000000 0.000000
-1250.000000 150.000000 0.000000
-107374176.000000 -107374176.000000 -107374176.000000
0.000000 1.000000
-1250.000000 -150.000000 0.000000
-107374176.000000 -107374176.000000 -107374176.000000
1.000000 1.000000
1250.000000 1500.000000 150.000000
-1250.000000 0.000000 -150.000000
